20	0	0	0	18	5	2020
23	0	0	30	18	5	2020
21	0	1	0	18	5	2020
21	0	1	30	18	5	2020
17	0	2	0	18	5	2020
24	0	2	30	18	5	2020
23	0	3	0	18	5	2020
28	0	3	30	18	5	2020
19	0	4	0	18	5	2020
18	0	4	30	18	5	2020
25	0	5	0	18	5	2020
26	0	5	30	18	5	2020
26	0	6	0	18	5	2020
20	0	6	30	18	5	2020
16	0	7	0	18	5	2020
24	0	7	30	18	5	2020
23	0	8	0	18	5	2020
17	0	8	30	18	5	2020
21	0	9	0	18	5	2020
26	0	9	30	18	5	2020
23	0	10	0	18	5	2020
23	0	10	30	18	5	2020
16	0	11	0	18	5	2020
19	0	11	30	18	5	2020
28	0	12	0	18	5	2020
15	0	12	30	18	5	2020
23	0	13	0	18	5	2020
18	0	13	30	18	5	2020
29	0	14	0	18	5	2020
15	0	14	30	18	5	2020
15	0	15	0	18	5	2020
26	0	15	30	18	5	2020
23	0	16	0	18	5	2020
28	0	16	30	18	5	2020
24	0	17	0	18	5	2020
18	0	17	30	18	5	2020
29	0	18	0	18	5	2020
18	0	18	30	18	5	2020
23	0	19	0	18	5	2020
19	0	19	30	18	5	2020
21	0	20	0	18	5	2020
18	0	20	30	18	5	2020
22	0	21	0	18	5	2020
24	0	21	30	18	5	2020
15	0	22	0	18	5	2020
23	0	22	30	18	5	2020
18	0	23	0	18	5	2020
23	0	23	30	18	5	2020
26	0	24	0	18	5	2020
24	0	24	30	18	5	2020
27	0	25	0	18	5	2020
19	0	25	30	18	5	2020
24	0	26	0	18	5	2020
28	0	26	30	18	5	2020
16	0	27	0	18	5	2020
23	0	27	30	18	5	2020
20	0	28	0	18	5	2020
24	0	28	30	18	5	2020
26	0	29	0	18	5	2020
26	0	29	30	18	5	2020
16	0	30	0	18	5	2020
18	0	30	30	18	5	2020
15	0	31	0	18	5	2020
25	0	31	30	18	5	2020
23	0	32	0	18	5	2020
24	0	32	30	18	5	2020
20	0	33	0	18	5	2020
22	0	33	30	18	5	2020
27	0	34	0	18	5	2020
28	0	34	30	18	5	2020
26	0	35	0	18	5	2020
25	0	35	30	18	5	2020
17	0	36	0	18	5	2020
19	0	36	30	18	5	2020
26	0	37	0	18	5	2020
17	0	37	30	18	5	2020
19	0	38	0	18	5	2020
29	0	38	30	18	5	2020
18	0	39	0	18	5	2020
22	0	39	30	18	5	2020
24	0	40	0	18	5	2020
22	0	40	30	18	5	2020
27	0	41	0	18	5	2020
18	0	41	30	18	5	2020
20	0	42	0	18	5	2020
20	0	42	30	18	5	2020
18	0	43	0	18	5	2020
17	0	43	30	18	5	2020
21	0	44	0	18	5	2020
21	0	44	30	18	5	2020
28	0	45	0	18	5	2020
22	0	45	30	18	5	2020
16	0	46	0	18	5	2020
28	0	46	30	18	5	2020
24	0	47	0	18	5	2020
24	0	47	30	18	5	2020
15	0	48	0	18	5	2020
29	0	48	30	18	5	2020
17	0	49	0	18	5	2020
19	0	49	30	18	5	2020
20	0	50	0	18	5	2020
20	0	50	30	18	5	2020
15	0	51	0	18	5	2020
22	0	51	30	18	5	2020
16	0	52	0	18	5	2020
18	0	52	30	18	5	2020
16	0	53	0	18	5	2020
21	0	53	30	18	5	2020
18	0	54	0	18	5	2020
26	0	54	30	18	5	2020
28	0	55	0	18	5	2020
19	0	55	30	18	5	2020
18	0	56	0	18	5	2020
17	0	56	30	18	5	2020
29	0	57	0	18	5	2020
15	0	57	30	18	5	2020
29	0	58	0	18	5	2020
18	0	58	30	18	5	2020
17	0	59	0	18	5	2020
20	0	59	30	18	5	2020
16	1	0	0	18	5	2020
23	1	0	30	18	5	2020
20	1	1	0	18	5	2020
18	1	1	30	18	5	2020
21	1	2	0	18	5	2020
29	1	2	30	18	5	2020
27	1	3	0	18	5	2020
28	1	3	30	18	5	2020
21	1	4	0	18	5	2020
21	1	4	30	18	5	2020
18	1	5	0	18	5	2020
26	1	5	30	18	5	2020
27	1	6	0	18	5	2020
25	1	6	30	18	5	2020
25	1	7	0	18	5	2020
28	1	7	30	18	5	2020
28	1	8	0	18	5	2020
18	1	8	30	18	5	2020
26	1	9	0	18	5	2020
16	1	9	30	18	5	2020
15	1	10	0	18	5	2020
17	1	10	30	18	5	2020
27	1	11	0	18	5	2020
25	1	11	30	18	5	2020
26	1	12	0	18	5	2020
27	1	12	30	18	5	2020
26	1	13	0	18	5	2020
26	1	13	30	18	5	2020
22	1	14	0	18	5	2020
20	1	14	30	18	5	2020
16	1	15	0	18	5	2020
23	1	15	30	18	5	2020
28	1	16	0	18	5	2020
21	1	16	30	18	5	2020
26	1	17	0	18	5	2020
27	1	17	30	18	5	2020
28	1	18	0	18	5	2020
24	1	18	30	18	5	2020
17	1	19	0	18	5	2020
19	1	19	30	18	5	2020
22	1	20	0	18	5	2020
20	1	20	30	18	5	2020
22	1	21	0	18	5	2020
19	1	21	30	18	5	2020
15	1	22	0	18	5	2020
17	1	22	30	18	5	2020
25	1	23	0	18	5	2020
21	1	23	30	18	5	2020
20	1	24	0	18	5	2020
21	1	24	30	18	5	2020
22	1	25	0	18	5	2020
27	1	25	30	18	5	2020
23	1	26	0	18	5	2020
20	1	26	30	18	5	2020
23	1	27	0	18	5	2020
20	1	27	30	18	5	2020
24	1	28	0	18	5	2020
26	1	28	30	18	5	2020
23	1	29	0	18	5	2020
16	1	29	30	18	5	2020
16	1	30	0	18	5	2020
24	1	30	30	18	5	2020
24	1	31	0	18	5	2020
22	1	31	30	18	5	2020
23	1	32	0	18	5	2020
21	1	32	30	18	5	2020
26	1	33	0	18	5	2020
21	1	33	30	18	5	2020
22	1	34	0	18	5	2020
28	1	34	30	18	5	2020
17	1	35	0	18	5	2020
29	1	35	30	18	5	2020
26	1	36	0	18	5	2020
24	1	36	30	18	5	2020
26	1	37	0	18	5	2020
26	1	37	30	18	5	2020
26	1	38	0	18	5	2020
21	1	38	30	18	5	2020
17	1	39	0	18	5	2020
23	1	39	30	18	5	2020
27	1	40	0	18	5	2020
17	1	40	30	18	5	2020
21	1	41	0	18	5	2020
28	1	41	30	18	5	2020
29	1	42	0	18	5	2020
21	1	42	30	18	5	2020
25	1	43	0	18	5	2020
23	1	43	30	18	5	2020
17	1	44	0	18	5	2020
18	1	44	30	18	5	2020
24	1	45	0	18	5	2020
25	1	45	30	18	5	2020
19	1	46	0	18	5	2020
25	1	46	30	18	5	2020
24	1	47	0	18	5	2020
19	1	47	30	18	5	2020
23	1	48	0	18	5	2020
20	1	48	30	18	5	2020
25	1	49	0	18	5	2020
15	1	49	30	18	5	2020
26	1	50	0	18	5	2020
27	1	50	30	18	5	2020
22	1	51	0	18	5	2020
22	1	51	30	18	5	2020
21	1	52	0	18	5	2020
18	1	52	30	18	5	2020
25	1	53	0	18	5	2020
24	1	53	30	18	5	2020
16	1	54	0	18	5	2020
20	1	54	30	18	5	2020
18	1	55	0	18	5	2020
20	1	55	30	18	5	2020
22	1	56	0	18	5	2020
16	1	56	30	18	5	2020
25	1	57	0	18	5	2020
28	1	57	30	18	5	2020
22	1	58	0	18	5	2020
20	1	58	30	18	5	2020
21	1	59	0	18	5	2020
24	1	59	30	18	5	2020
15	2	0	0	18	5	2020
22	2	0	30	18	5	2020
26	2	1	0	18	5	2020
27	2	1	30	18	5	2020
24	2	2	0	18	5	2020
21	2	2	30	18	5	2020
16	2	3	0	18	5	2020
18	2	3	30	18	5	2020
18	2	4	0	18	5	2020
19	2	4	30	18	5	2020
18	2	5	0	18	5	2020
29	2	5	30	18	5	2020
16	2	6	0	18	5	2020
17	2	6	30	18	5	2020
28	2	7	0	18	5	2020
15	2	7	30	18	5	2020
27	2	8	0	18	5	2020
24	2	8	30	18	5	2020
16	2	9	0	18	5	2020
28	2	9	30	18	5	2020
21	2	10	0	18	5	2020
19	2	10	30	18	5	2020
19	2	11	0	18	5	2020
28	2	11	30	18	5	2020
20	2	12	0	18	5	2020
29	2	12	30	18	5	2020
18	2	13	0	18	5	2020
19	2	13	30	18	5	2020
27	2	14	0	18	5	2020
24	2	14	30	18	5	2020
28	2	15	0	18	5	2020
19	2	15	30	18	5	2020
23	2	16	0	18	5	2020
25	2	16	30	18	5	2020
16	2	17	0	18	5	2020
17	2	17	30	18	5	2020
23	2	18	0	18	5	2020
25	2	18	30	18	5	2020
20	2	19	0	18	5	2020
26	2	19	30	18	5	2020
29	2	20	0	18	5	2020
16	2	20	30	18	5	2020
18	2	21	0	18	5	2020
22	2	21	30	18	5	2020
25	2	22	0	18	5	2020
16	2	22	30	18	5	2020
29	2	23	0	18	5	2020
23	2	23	30	18	5	2020
17	2	24	0	18	5	2020
16	2	24	30	18	5	2020
21	2	25	0	18	5	2020
23	2	25	30	18	5	2020
20	2	26	0	18	5	2020
25	2	26	30	18	5	2020
28	2	27	0	18	5	2020
18	2	27	30	18	5	2020
17	2	28	0	18	5	2020
16	2	28	30	18	5	2020
22	2	29	0	18	5	2020
29	2	29	30	18	5	2020
17	2	30	0	18	5	2020
28	2	30	30	18	5	2020
18	2	31	0	18	5	2020
17	2	31	30	18	5	2020
15	2	32	0	18	5	2020
27	2	32	30	18	5	2020
27	2	33	0	18	5	2020
23	2	33	30	18	5	2020
22	2	34	0	18	5	2020
17	2	34	30	18	5	2020
26	2	35	0	18	5	2020
28	2	35	30	18	5	2020
25	2	36	0	18	5	2020
29	2	36	30	18	5	2020
20	2	37	0	18	5	2020
21	2	37	30	18	5	2020
23	2	38	0	18	5	2020
27	2	38	30	18	5	2020
29	2	39	0	18	5	2020
17	2	39	30	18	5	2020
28	2	40	0	18	5	2020
27	2	40	30	18	5	2020
18	2	41	0	18	5	2020
25	2	41	30	18	5	2020
15	2	42	0	18	5	2020
16	2	42	30	18	5	2020
28	2	43	0	18	5	2020
17	2	43	30	18	5	2020
25	2	44	0	18	5	2020
28	2	44	30	18	5	2020
16	2	45	0	18	5	2020
27	2	45	30	18	5	2020
26	2	46	0	18	5	2020
26	2	46	30	18	5	2020
15	2	47	0	18	5	2020
18	2	47	30	18	5	2020
23	2	48	0	18	5	2020
27	2	48	30	18	5	2020
26	2	49	0	18	5	2020
15	2	49	30	18	5	2020
21	2	50	0	18	5	2020
29	2	50	30	18	5	2020
20	2	51	0	18	5	2020
24	2	51	30	18	5	2020
29	2	52	0	18	5	2020
26	2	52	30	18	5	2020
15	2	53	0	18	5	2020
29	2	53	30	18	5	2020
23	2	54	0	18	5	2020
21	2	54	30	18	5	2020
16	2	55	0	18	5	2020
28	2	55	30	18	5	2020
18	2	56	0	18	5	2020
19	2	56	30	18	5	2020
23	2	57	0	18	5	2020
18	2	57	30	18	5	2020
21	2	58	0	18	5	2020
29	2	58	30	18	5	2020
27	2	59	0	18	5	2020
23	2	59	30	18	5	2020
27	3	0	0	18	5	2020
28	3	0	30	18	5	2020
20	3	1	0	18	5	2020
15	3	1	30	18	5	2020
17	3	2	0	18	5	2020
27	3	2	30	18	5	2020
25	3	3	0	18	5	2020
25	3	3	30	18	5	2020
16	3	4	0	18	5	2020
28	3	4	30	18	5	2020
18	3	5	0	18	5	2020
15	3	5	30	18	5	2020
27	3	6	0	18	5	2020
23	3	6	30	18	5	2020
24	3	7	0	18	5	2020
26	3	7	30	18	5	2020
26	3	8	0	18	5	2020
16	3	8	30	18	5	2020
25	3	9	0	18	5	2020
26	3	9	30	18	5	2020
22	3	10	0	18	5	2020
19	3	10	30	18	5	2020
24	3	11	0	18	5	2020
17	3	11	30	18	5	2020
23	3	12	0	18	5	2020
25	3	12	30	18	5	2020
28	3	13	0	18	5	2020
21	3	13	30	18	5	2020
24	3	14	0	18	5	2020
25	3	14	30	18	5	2020
29	3	15	0	18	5	2020
28	3	15	30	18	5	2020
16	3	16	0	18	5	2020
27	3	16	30	18	5	2020
20	3	17	0	18	5	2020
25	3	17	30	18	5	2020
24	3	18	0	18	5	2020
15	3	18	30	18	5	2020
20	3	19	0	18	5	2020
18	3	19	30	18	5	2020
28	3	20	0	18	5	2020
15	3	20	30	18	5	2020
18	3	21	0	18	5	2020
25	3	21	30	18	5	2020
16	3	22	0	18	5	2020
27	3	22	30	18	5	2020
29	3	23	0	18	5	2020
27	3	23	30	18	5	2020
28	3	24	0	18	5	2020
16	3	24	30	18	5	2020
16	3	25	0	18	5	2020
27	3	25	30	18	5	2020
20	3	26	0	18	5	2020
17	3	26	30	18	5	2020
21	3	27	0	18	5	2020
29	3	27	30	18	5	2020
27	3	28	0	18	5	2020
26	3	28	30	18	5	2020
27	3	29	0	18	5	2020
21	3	29	30	18	5	2020
29	3	30	0	18	5	2020
19	3	30	30	18	5	2020
26	3	31	0	18	5	2020
22	3	31	30	18	5	2020
16	3	32	0	18	5	2020
16	3	32	30	18	5	2020
17	3	33	0	18	5	2020
17	3	33	30	18	5	2020
16	3	34	0	18	5	2020
22	3	34	30	18	5	2020
20	3	35	0	18	5	2020
21	3	35	30	18	5	2020
15	3	36	0	18	5	2020
23	3	36	30	18	5	2020
17	3	37	0	18	5	2020
16	3	37	30	18	5	2020
27	3	38	0	18	5	2020
23	3	38	30	18	5	2020
20	3	39	0	18	5	2020
17	3	39	30	18	5	2020
24	3	40	0	18	5	2020
28	3	40	30	18	5	2020
21	3	41	0	18	5	2020
15	3	41	30	18	5	2020
16	3	42	0	18	5	2020
28	3	42	30	18	5	2020
21	3	43	0	18	5	2020
28	3	43	30	18	5	2020
24	3	44	0	18	5	2020
25	3	44	30	18	5	2020
27	3	45	0	18	5	2020
15	3	45	30	18	5	2020
29	3	46	0	18	5	2020
15	3	46	30	18	5	2020
22	3	47	0	18	5	2020
15	3	47	30	18	5	2020
17	3	48	0	18	5	2020
24	3	48	30	18	5	2020
25	3	49	0	18	5	2020
25	3	49	30	18	5	2020
24	3	50	0	18	5	2020
15	3	50	30	18	5	2020
24	3	51	0	18	5	2020
24	3	51	30	18	5	2020
16	3	52	0	18	5	2020
18	3	52	30	18	5	2020
17	3	53	0	18	5	2020
20	3	53	30	18	5	2020
26	3	54	0	18	5	2020
22	3	54	30	18	5	2020
23	3	55	0	18	5	2020
20	3	55	30	18	5	2020
21	3	56	0	18	5	2020
21	3	56	30	18	5	2020
27	3	57	0	18	5	2020
29	3	57	30	18	5	2020
26	3	58	0	18	5	2020
18	3	58	30	18	5	2020
19	3	59	0	18	5	2020
28	3	59	30	18	5	2020
29	4	0	0	18	5	2020
23	4	0	30	18	5	2020
28	4	1	0	18	5	2020
20	4	1	30	18	5	2020
24	4	2	0	18	5	2020
21	4	2	30	18	5	2020
21	4	3	0	18	5	2020
18	4	3	30	18	5	2020
15	4	4	0	18	5	2020
23	4	4	30	18	5	2020
20	4	5	0	18	5	2020
24	4	5	30	18	5	2020
15	4	6	0	18	5	2020
21	4	6	30	18	5	2020
25	4	7	0	18	5	2020
16	4	7	30	18	5	2020
24	4	8	0	18	5	2020
27	4	8	30	18	5	2020
29	4	9	0	18	5	2020
20	4	9	30	18	5	2020
20	4	10	0	18	5	2020
29	4	10	30	18	5	2020
26	4	11	0	18	5	2020
18	4	11	30	18	5	2020
20	4	12	0	18	5	2020
15	4	12	30	18	5	2020
24	4	13	0	18	5	2020
17	4	13	30	18	5	2020
19	4	14	0	18	5	2020
28	4	14	30	18	5	2020
15	4	15	0	18	5	2020
25	4	15	30	18	5	2020
29	4	16	0	18	5	2020
28	4	16	30	18	5	2020
15	4	17	0	18	5	2020
15	4	17	30	18	5	2020
26	4	18	0	18	5	2020
28	4	18	30	18	5	2020
18	4	19	0	18	5	2020
27	4	19	30	18	5	2020
21	4	20	0	18	5	2020
15	4	20	30	18	5	2020
28	4	21	0	18	5	2020
22	4	21	30	18	5	2020
22	4	22	0	18	5	2020
24	4	22	30	18	5	2020
15	4	23	0	18	5	2020
16	4	23	30	18	5	2020
21	4	24	0	18	5	2020
21	4	24	30	18	5	2020
29	4	25	0	18	5	2020
18	4	25	30	18	5	2020
20	4	26	0	18	5	2020
17	4	26	30	18	5	2020
28	4	27	0	18	5	2020
26	4	27	30	18	5	2020
17	4	28	0	18	5	2020
22	4	28	30	18	5	2020
20	4	29	0	18	5	2020
28	4	29	30	18	5	2020
28	4	30	0	18	5	2020
27	4	30	30	18	5	2020
23	4	31	0	18	5	2020
27	4	31	30	18	5	2020
25	4	32	0	18	5	2020
24	4	32	30	18	5	2020
27	4	33	0	18	5	2020
22	4	33	30	18	5	2020
29	4	34	0	18	5	2020
22	4	34	30	18	5	2020
26	4	35	0	18	5	2020
28	4	35	30	18	5	2020
22	4	36	0	18	5	2020
24	4	36	30	18	5	2020
20	4	37	0	18	5	2020
21	4	37	30	18	5	2020
18	4	38	0	18	5	2020
27	4	38	30	18	5	2020
15	4	39	0	18	5	2020
17	4	39	30	18	5	2020
19	4	40	0	18	5	2020
29	4	40	30	18	5	2020
20	4	41	0	18	5	2020
24	4	41	30	18	5	2020
16	4	42	0	18	5	2020
19	4	42	30	18	5	2020
27	4	43	0	18	5	2020
25	4	43	30	18	5	2020
18	4	44	0	18	5	2020
24	4	44	30	18	5	2020
24	4	45	0	18	5	2020
16	4	45	30	18	5	2020
21	4	46	0	18	5	2020
17	4	46	30	18	5	2020
28	4	47	0	18	5	2020
24	4	47	30	18	5	2020
18	4	48	0	18	5	2020
17	4	48	30	18	5	2020
23	4	49	0	18	5	2020
25	4	49	30	18	5	2020
24	4	50	0	18	5	2020
19	4	50	30	18	5	2020
23	4	51	0	18	5	2020
24	4	51	30	18	5	2020
20	4	52	0	18	5	2020
28	4	52	30	18	5	2020
22	4	53	0	18	5	2020
16	4	53	30	18	5	2020
17	4	54	0	18	5	2020
22	4	54	30	18	5	2020
18	4	55	0	18	5	2020
21	4	55	30	18	5	2020
28	4	56	0	18	5	2020
23	4	56	30	18	5	2020
23	4	57	0	18	5	2020
29	4	57	30	18	5	2020
19	4	58	0	18	5	2020
27	4	58	30	18	5	2020
17	4	59	0	18	5	2020
23	4	59	30	18	5	2020
29	5	0	0	18	5	2020
26	5	0	30	18	5	2020
24	5	1	0	18	5	2020
20	5	1	30	18	5	2020
28	5	2	0	18	5	2020
15	5	2	30	18	5	2020
21	5	3	0	18	5	2020
24	5	3	30	18	5	2020
24	5	4	0	18	5	2020
29	5	4	30	18	5	2020
19	5	5	0	18	5	2020
26	5	5	30	18	5	2020
25	5	6	0	18	5	2020
27	5	6	30	18	5	2020
20	5	7	0	18	5	2020
23	5	7	30	18	5	2020
17	5	8	0	18	5	2020
27	5	8	30	18	5	2020
24	5	9	0	18	5	2020
26	5	9	30	18	5	2020
27	5	10	0	18	5	2020
27	5	10	30	18	5	2020
25	5	11	0	18	5	2020
25	5	11	30	18	5	2020
27	5	12	0	18	5	2020
25	5	12	30	18	5	2020
17	5	13	0	18	5	2020
17	5	13	30	18	5	2020
22	5	14	0	18	5	2020
19	5	14	30	18	5	2020
17	5	15	0	18	5	2020
21	5	15	30	18	5	2020
15	5	16	0	18	5	2020
18	5	16	30	18	5	2020
19	5	17	0	18	5	2020
20	5	17	30	18	5	2020
18	5	18	0	18	5	2020
25	5	18	30	18	5	2020
21	5	19	0	18	5	2020
20	5	19	30	18	5	2020
17	5	20	0	18	5	2020
17	5	20	30	18	5	2020
16	5	21	0	18	5	2020
19	5	21	30	18	5	2020
29	5	22	0	18	5	2020
21	5	22	30	18	5	2020
27	5	23	0	18	5	2020
23	5	23	30	18	5	2020
25	5	24	0	18	5	2020
21	5	24	30	18	5	2020
27	5	25	0	18	5	2020
29	5	25	30	18	5	2020
25	5	26	0	18	5	2020
22	5	26	30	18	5	2020
25	5	27	0	18	5	2020
23	5	27	30	18	5	2020
17	5	28	0	18	5	2020
19	5	28	30	18	5	2020
17	5	29	0	18	5	2020
16	5	29	30	18	5	2020
23	5	30	0	18	5	2020
26	5	30	30	18	5	2020
15	5	31	0	18	5	2020
15	5	31	30	18	5	2020
29	5	32	0	18	5	2020
19	5	32	30	18	5	2020
27	5	33	0	18	5	2020
25	5	33	30	18	5	2020
21	5	34	0	18	5	2020
19	5	34	30	18	5	2020
15	5	35	0	18	5	2020
15	5	35	30	18	5	2020
21	5	36	0	18	5	2020
16	5	36	30	18	5	2020
20	5	37	0	18	5	2020
28	5	37	30	18	5	2020
29	5	38	0	18	5	2020
24	5	38	30	18	5	2020
28	5	39	0	18	5	2020
16	5	39	30	18	5	2020
16	5	40	0	18	5	2020
25	5	40	30	18	5	2020
16	5	41	0	18	5	2020
18	5	41	30	18	5	2020
24	5	42	0	18	5	2020
18	5	42	30	18	5	2020
18	5	43	0	18	5	2020
26	5	43	30	18	5	2020
22	5	44	0	18	5	2020
27	5	44	30	18	5	2020
28	5	45	0	18	5	2020
22	5	45	30	18	5	2020
23	5	46	0	18	5	2020
28	5	46	30	18	5	2020
22	5	47	0	18	5	2020
23	5	47	30	18	5	2020
24	5	48	0	18	5	2020
19	5	48	30	18	5	2020
25	5	49	0	18	5	2020
22	5	49	30	18	5	2020
15	5	50	0	18	5	2020
25	5	50	30	18	5	2020
23	5	51	0	18	5	2020
29	5	51	30	18	5	2020
18	5	52	0	18	5	2020
20	5	52	30	18	5	2020
19	5	53	0	18	5	2020
17	5	53	30	18	5	2020
29	5	54	0	18	5	2020
24	5	54	30	18	5	2020
25	5	55	0	18	5	2020
22	5	55	30	18	5	2020
20	5	56	0	18	5	2020
26	5	56	30	18	5	2020
18	5	57	0	18	5	2020
21	5	57	30	18	5	2020
21	5	58	0	18	5	2020
21	5	58	30	18	5	2020
18	5	59	0	18	5	2020
28	5	59	30	18	5	2020
19	6	0	0	18	5	2020
23	6	0	30	18	5	2020
20	6	1	0	18	5	2020
19	6	1	30	18	5	2020
21	6	2	0	18	5	2020
19	6	2	30	18	5	2020
19	6	3	0	18	5	2020
22	6	3	30	18	5	2020
16	6	4	0	18	5	2020
29	6	4	30	18	5	2020
29	6	5	0	18	5	2020
16	6	5	30	18	5	2020
16	6	6	0	18	5	2020
29	6	6	30	18	5	2020
22	6	7	0	18	5	2020
19	6	7	30	18	5	2020
26	6	8	0	18	5	2020
26	6	8	30	18	5	2020
28	6	9	0	18	5	2020
26	6	9	30	18	5	2020
21	6	10	0	18	5	2020
24	6	10	30	18	5	2020
25	6	11	0	18	5	2020
18	6	11	30	18	5	2020
27	6	12	0	18	5	2020
28	6	12	30	18	5	2020
24	6	13	0	18	5	2020
19	6	13	30	18	5	2020
27	6	14	0	18	5	2020
19	6	14	30	18	5	2020
24	6	15	0	18	5	2020
16	6	15	30	18	5	2020
27	6	16	0	18	5	2020
22	6	16	30	18	5	2020
20	6	17	0	18	5	2020
25	6	17	30	18	5	2020
26	6	18	0	18	5	2020
17	6	18	30	18	5	2020
24	6	19	0	18	5	2020
19	6	19	30	18	5	2020
16	6	20	0	18	5	2020
24	6	20	30	18	5	2020
28	6	21	0	18	5	2020
18	6	21	30	18	5	2020
15	6	22	0	18	5	2020
20	6	22	30	18	5	2020
22	6	23	0	18	5	2020
27	6	23	30	18	5	2020
24	6	24	0	18	5	2020
28	6	24	30	18	5	2020
15	6	25	0	18	5	2020
22	6	25	30	18	5	2020
22	6	26	0	18	5	2020
25	6	26	30	18	5	2020
17	6	27	0	18	5	2020
26	6	27	30	18	5	2020
16	6	28	0	18	5	2020
18	6	28	30	18	5	2020
15	6	29	0	18	5	2020
28	6	29	30	18	5	2020
23	6	30	0	18	5	2020
17	6	30	30	18	5	2020
21	6	31	0	18	5	2020
27	6	31	30	18	5	2020
24	6	32	0	18	5	2020
18	6	32	30	18	5	2020
15	6	33	0	18	5	2020
27	6	33	30	18	5	2020
20	6	34	0	18	5	2020
24	6	34	30	18	5	2020
17	6	35	0	18	5	2020
22	6	35	30	18	5	2020
25	6	36	0	18	5	2020
15	6	36	30	18	5	2020
25	6	37	0	18	5	2020
26	6	37	30	18	5	2020
27	6	38	0	18	5	2020
24	6	38	30	18	5	2020
15	6	39	0	18	5	2020
28	6	39	30	18	5	2020
22	6	40	0	18	5	2020
15	6	40	30	18	5	2020
20	6	41	0	18	5	2020
21	6	41	30	18	5	2020
25	6	42	0	18	5	2020
22	6	42	30	18	5	2020
18	6	43	0	18	5	2020
18	6	43	30	18	5	2020
18	6	44	0	18	5	2020
25	6	44	30	18	5	2020
16	6	45	0	18	5	2020
18	6	45	30	18	5	2020
27	6	46	0	18	5	2020
22	6	46	30	18	5	2020
15	6	47	0	18	5	2020
28	6	47	30	18	5	2020
26	6	48	0	18	5	2020
15	6	48	30	18	5	2020
18	6	49	0	18	5	2020
16	6	49	30	18	5	2020
25	6	50	0	18	5	2020
27	6	50	30	18	5	2020
15	6	51	0	18	5	2020
20	6	51	30	18	5	2020
19	6	52	0	18	5	2020
17	6	52	30	18	5	2020
23	6	53	0	18	5	2020
16	6	53	30	18	5	2020
27	6	54	0	18	5	2020
23	6	54	30	18	5	2020
15	6	55	0	18	5	2020
26	6	55	30	18	5	2020
23	6	56	0	18	5	2020
27	6	56	30	18	5	2020
18	6	57	0	18	5	2020
26	6	57	30	18	5	2020
27	6	58	0	18	5	2020
28	6	58	30	18	5	2020
21	6	59	0	18	5	2020
15	6	59	30	18	5	2020
23	7	0	0	18	5	2020
23	7	0	30	18	5	2020
18	7	1	0	18	5	2020
28	7	1	30	18	5	2020
22	7	2	0	18	5	2020
18	7	2	30	18	5	2020
18	7	3	0	18	5	2020
18	7	3	30	18	5	2020
26	7	4	0	18	5	2020
21	7	4	30	18	5	2020
27	7	5	0	18	5	2020
28	7	5	30	18	5	2020
18	7	6	0	18	5	2020
27	7	6	30	18	5	2020
25	7	7	0	18	5	2020
22	7	7	30	18	5	2020
15	7	8	0	18	5	2020
19	7	8	30	18	5	2020
16	7	9	0	18	5	2020
19	7	9	30	18	5	2020
19	7	10	0	18	5	2020
23	7	10	30	18	5	2020
15	7	11	0	18	5	2020
28	7	11	30	18	5	2020
20	7	12	0	18	5	2020
25	7	12	30	18	5	2020
16	7	13	0	18	5	2020
17	7	13	30	18	5	2020
23	7	14	0	18	5	2020
22	7	14	30	18	5	2020
17	7	15	0	18	5	2020
24	7	15	30	18	5	2020
22	7	16	0	18	5	2020
20	7	16	30	18	5	2020
29	7	17	0	18	5	2020
15	7	17	30	18	5	2020
16	7	18	0	18	5	2020
17	7	18	30	18	5	2020
25	7	19	0	18	5	2020
27	7	19	30	18	5	2020
16	7	20	0	18	5	2020
29	7	20	30	18	5	2020
25	7	21	0	18	5	2020
26	7	21	30	18	5	2020
19	7	22	0	18	5	2020
20	7	22	30	18	5	2020
26	7	23	0	18	5	2020
19	7	23	30	18	5	2020
16	7	24	0	18	5	2020
27	7	24	30	18	5	2020
15	7	25	0	18	5	2020
21	7	25	30	18	5	2020
20	7	26	0	18	5	2020
22	7	26	30	18	5	2020
26	7	27	0	18	5	2020
25	7	27	30	18	5	2020
18	7	28	0	18	5	2020
19	7	28	30	18	5	2020
20	7	29	0	18	5	2020
18	7	29	30	18	5	2020
26	7	30	0	18	5	2020
22	7	30	30	18	5	2020
19	7	31	0	18	5	2020
26	7	31	30	18	5	2020
20	7	32	0	18	5	2020
18	7	32	30	18	5	2020
26	7	33	0	18	5	2020
21	7	33	30	18	5	2020
28	7	34	0	18	5	2020
28	7	34	30	18	5	2020
25	7	35	0	18	5	2020
29	7	35	30	18	5	2020
28	7	36	0	18	5	2020
27	7	36	30	18	5	2020
17	7	37	0	18	5	2020
17	7	37	30	18	5	2020
24	7	38	0	18	5	2020
28	7	38	30	18	5	2020
28	7	39	0	18	5	2020
18	7	39	30	18	5	2020
25	7	40	0	18	5	2020
28	7	40	30	18	5	2020
24	7	41	0	18	5	2020
22	7	41	30	18	5	2020
27	7	42	0	18	5	2020
20	7	42	30	18	5	2020
25	7	43	0	18	5	2020
22	7	43	30	18	5	2020
16	7	44	0	18	5	2020
15	7	44	30	18	5	2020
18	7	45	0	18	5	2020
27	7	45	30	18	5	2020
29	7	46	0	18	5	2020
22	7	46	30	18	5	2020
15	7	47	0	18	5	2020
19	7	47	30	18	5	2020
18	7	48	0	18	5	2020
18	7	48	30	18	5	2020
17	7	49	0	18	5	2020
16	7	49	30	18	5	2020
17	7	50	0	18	5	2020
27	7	50	30	18	5	2020
22	7	51	0	18	5	2020
22	7	51	30	18	5	2020
16	7	52	0	18	5	2020
24	7	52	30	18	5	2020
16	7	53	0	18	5	2020
18	7	53	30	18	5	2020
23	7	54	0	18	5	2020
21	7	54	30	18	5	2020
21	7	55	0	18	5	2020
25	7	55	30	18	5	2020
26	7	56	0	18	5	2020
15	7	56	30	18	5	2020
25	7	57	0	18	5	2020
23	7	57	30	18	5	2020
27	7	58	0	18	5	2020
20	7	58	30	18	5	2020
16	7	59	0	18	5	2020
28	7	59	30	18	5	2020
27	8	0	0	18	5	2020
19	8	0	30	18	5	2020
17	8	1	0	18	5	2020
26	8	1	30	18	5	2020
18	8	2	0	18	5	2020
18	8	2	30	18	5	2020
16	8	3	0	18	5	2020
21	8	3	30	18	5	2020
28	8	4	0	18	5	2020
18	8	4	30	18	5	2020
29	8	5	0	18	5	2020
15	8	5	30	18	5	2020
23	8	6	0	18	5	2020
21	8	6	30	18	5	2020
29	8	7	0	18	5	2020
16	8	7	30	18	5	2020
23	8	8	0	18	5	2020
15	8	8	30	18	5	2020
19	8	9	0	18	5	2020
16	8	9	30	18	5	2020
21	8	10	0	18	5	2020
25	8	10	30	18	5	2020
18	8	11	0	18	5	2020
24	8	11	30	18	5	2020
17	8	12	0	18	5	2020
28	8	12	30	18	5	2020
18	8	13	0	18	5	2020
21	8	13	30	18	5	2020
25	8	14	0	18	5	2020
19	8	14	30	18	5	2020
19	8	15	0	18	5	2020
22	8	15	30	18	5	2020
15	8	16	0	18	5	2020
29	8	16	30	18	5	2020
19	8	17	0	18	5	2020
18	8	17	30	18	5	2020
24	8	18	0	18	5	2020
27	8	18	30	18	5	2020
25	8	19	0	18	5	2020
22	8	19	30	18	5	2020
22	8	20	0	18	5	2020
24	8	20	30	18	5	2020
15	8	21	0	18	5	2020
22	8	21	30	18	5	2020
23	8	22	0	18	5	2020
29	8	22	30	18	5	2020
24	8	23	0	18	5	2020
16	8	23	30	18	5	2020
22	8	24	0	18	5	2020
28	8	24	30	18	5	2020
24	8	25	0	18	5	2020
20	8	25	30	18	5	2020
16	8	26	0	18	5	2020
27	8	26	30	18	5	2020
15	8	27	0	18	5	2020
18	8	27	30	18	5	2020
26	8	28	0	18	5	2020
18	8	28	30	18	5	2020
25	8	29	0	18	5	2020
28	8	29	30	18	5	2020
29	8	30	0	18	5	2020
21	8	30	30	18	5	2020
21	8	31	0	18	5	2020
21	8	31	30	18	5	2020
20	8	32	0	18	5	2020
17	8	32	30	18	5	2020
24	8	33	0	18	5	2020
21	8	33	30	18	5	2020
21	8	34	0	18	5	2020
26	8	34	30	18	5	2020
29	8	35	0	18	5	2020
28	8	35	30	18	5	2020
21	8	36	0	18	5	2020
29	8	36	30	18	5	2020
21	8	37	0	18	5	2020
21	8	37	30	18	5	2020
20	8	38	0	18	5	2020
22	8	38	30	18	5	2020
22	8	39	0	18	5	2020
19	8	39	30	18	5	2020
27	8	40	0	18	5	2020
16	8	40	30	18	5	2020
25	8	41	0	18	5	2020
28	8	41	30	18	5	2020
28	8	42	0	18	5	2020
17	8	42	30	18	5	2020
24	8	43	0	18	5	2020
16	8	43	30	18	5	2020
27	8	44	0	18	5	2020
19	8	44	30	18	5	2020
22	8	45	0	18	5	2020
26	8	45	30	18	5	2020
17	8	46	0	18	5	2020
20	8	46	30	18	5	2020
24	8	47	0	18	5	2020
15	8	47	30	18	5	2020
22	8	48	0	18	5	2020
18	8	48	30	18	5	2020
21	8	49	0	18	5	2020
20	8	49	30	18	5	2020
15	8	50	0	18	5	2020
27	8	50	30	18	5	2020
25	8	51	0	18	5	2020
28	8	51	30	18	5	2020
18	8	52	0	18	5	2020
23	8	52	30	18	5	2020
19	8	53	0	18	5	2020
16	8	53	30	18	5	2020
15	8	54	0	18	5	2020
26	8	54	30	18	5	2020
20	8	55	0	18	5	2020
28	8	55	30	18	5	2020
19	8	56	0	18	5	2020
15	8	56	30	18	5	2020
26	8	57	0	18	5	2020
24	8	57	30	18	5	2020
24	8	58	0	18	5	2020
20	8	58	30	18	5	2020
18	8	59	0	18	5	2020
21	8	59	30	18	5	2020
16	9	0	0	18	5	2020
25	9	0	30	18	5	2020
24	9	1	0	18	5	2020
26	9	1	30	18	5	2020
15	9	2	0	18	5	2020
18	9	2	30	18	5	2020
26	9	3	0	18	5	2020
29	9	3	30	18	5	2020
22	9	4	0	18	5	2020
24	9	4	30	18	5	2020
19	9	5	0	18	5	2020
29	9	5	30	18	5	2020
22	9	6	0	18	5	2020
21	9	6	30	18	5	2020
27	9	7	0	18	5	2020
25	9	7	30	18	5	2020
15	9	8	0	18	5	2020
23	9	8	30	18	5	2020
26	9	9	0	18	5	2020
15	9	9	30	18	5	2020
26	9	10	0	18	5	2020
24	9	10	30	18	5	2020
20	9	11	0	18	5	2020
15	9	11	30	18	5	2020
16	9	12	0	18	5	2020
24	9	12	30	18	5	2020
16	9	13	0	18	5	2020
26	9	13	30	18	5	2020
21	9	14	0	18	5	2020
19	9	14	30	18	5	2020
17	9	15	0	18	5	2020
23	9	15	30	18	5	2020
29	9	16	0	18	5	2020
27	9	16	30	18	5	2020
26	9	17	0	18	5	2020
21	9	17	30	18	5	2020
22	9	18	0	18	5	2020
22	9	18	30	18	5	2020
20	9	19	0	18	5	2020
29	9	19	30	18	5	2020
16	9	20	0	18	5	2020
16	9	20	30	18	5	2020
20	9	21	0	18	5	2020
15	9	21	30	18	5	2020
23	9	22	0	18	5	2020
24	9	22	30	18	5	2020
26	9	23	0	18	5	2020
23	9	23	30	18	5	2020
17	9	24	0	18	5	2020
29	9	24	30	18	5	2020
15	9	25	0	18	5	2020
28	9	25	30	18	5	2020
23	9	26	0	18	5	2020
21	9	26	30	18	5	2020
20	9	27	0	18	5	2020
25	9	27	30	18	5	2020
15	9	28	0	18	5	2020
22	9	28	30	18	5	2020
28	9	29	0	18	5	2020
28	9	29	30	18	5	2020
26	9	30	0	18	5	2020
15	9	30	30	18	5	2020
28	9	31	0	18	5	2020
18	9	31	30	18	5	2020
19	9	32	0	18	5	2020
24	9	32	30	18	5	2020
24	9	33	0	18	5	2020
27	9	33	30	18	5	2020
16	9	34	0	18	5	2020
15	9	34	30	18	5	2020
18	9	35	0	18	5	2020
25	9	35	30	18	5	2020
23	9	36	0	18	5	2020
24	9	36	30	18	5	2020
25	9	37	0	18	5	2020
16	9	37	30	18	5	2020
18	9	38	0	18	5	2020
28	9	38	30	18	5	2020
16	9	39	0	18	5	2020
28	9	39	30	18	5	2020
20	9	40	0	18	5	2020
17	9	40	30	18	5	2020
26	9	41	0	18	5	2020
28	9	41	30	18	5	2020
15	9	42	0	18	5	2020
24	9	42	30	18	5	2020
15	9	43	0	18	5	2020
22	9	43	30	18	5	2020
16	9	44	0	18	5	2020
28	9	44	30	18	5	2020
20	9	45	0	18	5	2020
19	9	45	30	18	5	2020
21	9	46	0	18	5	2020
19	9	46	30	18	5	2020
22	9	47	0	18	5	2020
17	9	47	30	18	5	2020
28	9	48	0	18	5	2020
24	9	48	30	18	5	2020
29	9	49	0	18	5	2020
22	9	49	30	18	5	2020
16	9	50	0	18	5	2020
25	9	50	30	18	5	2020
17	9	51	0	18	5	2020
24	9	51	30	18	5	2020
26	9	52	0	18	5	2020
19	9	52	30	18	5	2020
26	9	53	0	18	5	2020
21	9	53	30	18	5	2020
18	9	54	0	18	5	2020
27	9	54	30	18	5	2020
19	9	55	0	18	5	2020
23	9	55	30	18	5	2020
21	9	56	0	18	5	2020
23	9	56	30	18	5	2020
28	9	57	0	18	5	2020
21	9	57	30	18	5	2020
17	9	58	0	18	5	2020
21	9	58	30	18	5	2020
28	9	59	0	18	5	2020
25	9	59	30	18	5	2020
26	10	0	0	18	5	2020
26	10	0	30	18	5	2020
21	10	1	0	18	5	2020
24	10	1	30	18	5	2020
15	10	2	0	18	5	2020
21	10	2	30	18	5	2020
27	10	3	0	18	5	2020
20	10	3	30	18	5	2020
15	10	4	0	18	5	2020
18	10	4	30	18	5	2020
19	10	5	0	18	5	2020
16	10	5	30	18	5	2020
28	10	6	0	18	5	2020
28	10	6	30	18	5	2020
25	10	7	0	18	5	2020
16	10	7	30	18	5	2020
18	10	8	0	18	5	2020
28	10	8	30	18	5	2020
23	10	9	0	18	5	2020
28	10	9	30	18	5	2020
18	10	10	0	18	5	2020
19	10	10	30	18	5	2020
21	10	11	0	18	5	2020
24	10	11	30	18	5	2020
27	10	12	0	18	5	2020
26	10	12	30	18	5	2020
23	10	13	0	18	5	2020
21	10	13	30	18	5	2020
17	10	14	0	18	5	2020
28	10	14	30	18	5	2020
23	10	15	0	18	5	2020
21	10	15	30	18	5	2020
24	10	16	0	18	5	2020
15	10	16	30	18	5	2020
15	10	17	0	18	5	2020
16	10	17	30	18	5	2020
28	10	18	0	18	5	2020
27	10	18	30	18	5	2020
29	10	19	0	18	5	2020
28	10	19	30	18	5	2020
16	10	20	0	18	5	2020
18	10	20	30	18	5	2020
21	10	21	0	18	5	2020
21	10	21	30	18	5	2020
17	10	22	0	18	5	2020
16	10	22	30	18	5	2020
23	10	23	0	18	5	2020
27	10	23	30	18	5	2020
22	10	24	0	18	5	2020
23	10	24	30	18	5	2020
25	10	25	0	18	5	2020
25	10	25	30	18	5	2020
27	10	26	0	18	5	2020
23	10	26	30	18	5	2020
26	10	27	0	18	5	2020
17	10	27	30	18	5	2020
19	10	28	0	18	5	2020
19	10	28	30	18	5	2020
15	10	29	0	18	5	2020
29	10	29	30	18	5	2020
25	10	30	0	18	5	2020
16	10	30	30	18	5	2020
20	10	31	0	18	5	2020
26	10	31	30	18	5	2020
23	10	32	0	18	5	2020
27	10	32	30	18	5	2020
28	10	33	0	18	5	2020
21	10	33	30	18	5	2020
25	10	34	0	18	5	2020
27	10	34	30	18	5	2020
19	10	35	0	18	5	2020
18	10	35	30	18	5	2020
22	10	36	0	18	5	2020
25	10	36	30	18	5	2020
16	10	37	0	18	5	2020
16	10	37	30	18	5	2020
18	10	38	0	18	5	2020
16	10	38	30	18	5	2020
28	10	39	0	18	5	2020
17	10	39	30	18	5	2020
24	10	40	0	18	5	2020
23	10	40	30	18	5	2020
19	10	41	0	18	5	2020
22	10	41	30	18	5	2020
16	10	42	0	18	5	2020
16	10	42	30	18	5	2020
16	10	43	0	18	5	2020
28	10	43	30	18	5	2020
27	10	44	0	18	5	2020
16	10	44	30	18	5	2020
27	10	45	0	18	5	2020
22	10	45	30	18	5	2020
17	10	46	0	18	5	2020
24	10	46	30	18	5	2020
19	10	47	0	18	5	2020
17	10	47	30	18	5	2020
21	10	48	0	18	5	2020
24	10	48	30	18	5	2020
23	10	49	0	18	5	2020
23	10	49	30	18	5	2020
28	10	50	0	18	5	2020
27	10	50	30	18	5	2020
18	10	51	0	18	5	2020
20	10	51	30	18	5	2020
29	10	52	0	18	5	2020
20	10	52	30	18	5	2020
29	10	53	0	18	5	2020
25	10	53	30	18	5	2020
21	10	54	0	18	5	2020
27	10	54	30	18	5	2020
27	10	55	0	18	5	2020
23	10	55	30	18	5	2020
21	10	56	0	18	5	2020
17	10	56	30	18	5	2020
15	10	57	0	18	5	2020
29	10	57	30	18	5	2020
25	10	58	0	18	5	2020
23	10	58	30	18	5	2020
27	10	59	0	18	5	2020
22	10	59	30	18	5	2020
16	11	0	0	18	5	2020
16	11	0	30	18	5	2020
22	11	1	0	18	5	2020
26	11	1	30	18	5	2020
17	11	2	0	18	5	2020
18	11	2	30	18	5	2020
28	11	3	0	18	5	2020
24	11	3	30	18	5	2020
19	11	4	0	18	5	2020
22	11	4	30	18	5	2020
24	11	5	0	18	5	2020
17	11	5	30	18	5	2020
26	11	6	0	18	5	2020
28	11	6	30	18	5	2020
29	11	7	0	18	5	2020
18	11	7	30	18	5	2020
25	11	8	0	18	5	2020
28	11	8	30	18	5	2020
20	11	9	0	18	5	2020
16	11	9	30	18	5	2020
18	11	10	0	18	5	2020
24	11	10	30	18	5	2020
24	11	11	0	18	5	2020
16	11	11	30	18	5	2020
26	11	12	0	18	5	2020
16	11	12	30	18	5	2020
15	11	13	0	18	5	2020
28	11	13	30	18	5	2020
16	11	14	0	18	5	2020
20	11	14	30	18	5	2020
28	11	15	0	18	5	2020
18	11	15	30	18	5	2020
28	11	16	0	18	5	2020
27	11	16	30	18	5	2020
21	11	17	0	18	5	2020
16	11	17	30	18	5	2020
15	11	18	0	18	5	2020
19	11	18	30	18	5	2020
17	11	19	0	18	5	2020
19	11	19	30	18	5	2020
26	11	20	0	18	5	2020
26	11	20	30	18	5	2020
28	11	21	0	18	5	2020
15	11	21	30	18	5	2020
16	11	22	0	18	5	2020
19	11	22	30	18	5	2020
18	11	23	0	18	5	2020
26	11	23	30	18	5	2020
25	11	24	0	18	5	2020
23	11	24	30	18	5	2020
20	11	25	0	18	5	2020
28	11	25	30	18	5	2020
17	11	26	0	18	5	2020
21	11	26	30	18	5	2020
29	11	27	0	18	5	2020
21	11	27	30	18	5	2020
15	11	28	0	18	5	2020
21	11	28	30	18	5	2020
26	11	29	0	18	5	2020
16	11	29	30	18	5	2020
18	11	30	0	18	5	2020
24	11	30	30	18	5	2020
26	11	31	0	18	5	2020
17	11	31	30	18	5	2020
21	11	32	0	18	5	2020
17	11	32	30	18	5	2020
25	11	33	0	18	5	2020
28	11	33	30	18	5	2020
22	11	34	0	18	5	2020
27	11	34	30	18	5	2020
24	11	35	0	18	5	2020
25	11	35	30	18	5	2020
23	11	36	0	18	5	2020
29	11	36	30	18	5	2020
25	11	37	0	18	5	2020
25	11	37	30	18	5	2020
19	11	38	0	18	5	2020
20	11	38	30	18	5	2020
28	11	39	0	18	5	2020
29	11	39	30	18	5	2020
20	11	40	0	18	5	2020
18	11	40	30	18	5	2020
19	11	41	0	18	5	2020
15	11	41	30	18	5	2020
25	11	42	0	18	5	2020
25	11	42	30	18	5	2020
21	11	43	0	18	5	2020
25	11	43	30	18	5	2020
16	11	44	0	18	5	2020
24	11	44	30	18	5	2020
26	11	45	0	18	5	2020
27	11	45	30	18	5	2020
19	11	46	0	18	5	2020
15	11	46	30	18	5	2020
21	11	47	0	18	5	2020
17	11	47	30	18	5	2020
17	11	48	0	18	5	2020
16	11	48	30	18	5	2020
16	11	49	0	18	5	2020
16	11	49	30	18	5	2020
28	11	50	0	18	5	2020
17	11	50	30	18	5	2020
27	11	51	0	18	5	2020
28	11	51	30	18	5	2020
17	11	52	0	18	5	2020
29	11	52	30	18	5	2020
23	11	53	0	18	5	2020
28	11	53	30	18	5	2020
27	11	54	0	18	5	2020
22	11	54	30	18	5	2020
27	11	55	0	18	5	2020
17	11	55	30	18	5	2020
17	11	56	0	18	5	2020
23	11	56	30	18	5	2020
17	11	57	0	18	5	2020
27	11	57	30	18	5	2020
18	11	58	0	18	5	2020
15	11	58	30	18	5	2020
22	11	59	0	18	5	2020
26	11	59	30	18	5	2020
25	12	0	0	18	5	2020
26	12	0	30	18	5	2020
23	12	1	0	18	5	2020
21	12	1	30	18	5	2020
18	12	2	0	18	5	2020
29	12	2	30	18	5	2020
23	12	3	0	18	5	2020
20	12	3	30	18	5	2020
15	12	4	0	18	5	2020
16	12	4	30	18	5	2020
22	12	5	0	18	5	2020
20	12	5	30	18	5	2020
26	12	6	0	18	5	2020
26	12	6	30	18	5	2020
19	12	7	0	18	5	2020
28	12	7	30	18	5	2020
25	12	8	0	18	5	2020
27	12	8	30	18	5	2020
26	12	9	0	18	5	2020
29	12	9	30	18	5	2020
26	12	10	0	18	5	2020
15	12	10	30	18	5	2020
17	12	11	0	18	5	2020
29	12	11	30	18	5	2020
15	12	12	0	18	5	2020
26	12	12	30	18	5	2020
18	12	13	0	18	5	2020
18	12	13	30	18	5	2020
19	12	14	0	18	5	2020
18	12	14	30	18	5	2020
29	12	15	0	18	5	2020
21	12	15	30	18	5	2020
21	12	16	0	18	5	2020
23	12	16	30	18	5	2020
27	12	17	0	18	5	2020
24	12	17	30	18	5	2020
29	12	18	0	18	5	2020
27	12	18	30	18	5	2020
29	12	19	0	18	5	2020
15	12	19	30	18	5	2020
21	12	20	0	18	5	2020
28	12	20	30	18	5	2020
20	12	21	0	18	5	2020
17	12	21	30	18	5	2020
24	12	22	0	18	5	2020
24	12	22	30	18	5	2020
22	12	23	0	18	5	2020
27	12	23	30	18	5	2020
29	12	24	0	18	5	2020
18	12	24	30	18	5	2020
26	12	25	0	18	5	2020
17	12	25	30	18	5	2020
25	12	26	0	18	5	2020
20	12	26	30	18	5	2020
23	12	27	0	18	5	2020
25	12	27	30	18	5	2020
24	12	28	0	18	5	2020
27	12	28	30	18	5	2020
20	12	29	0	18	5	2020
28	12	29	30	18	5	2020
15	12	30	0	18	5	2020
19	12	30	30	18	5	2020
19	12	31	0	18	5	2020
21	12	31	30	18	5	2020
19	12	32	0	18	5	2020
23	12	32	30	18	5	2020
22	12	33	0	18	5	2020
19	12	33	30	18	5	2020
20	12	34	0	18	5	2020
21	12	34	30	18	5	2020
26	12	35	0	18	5	2020
26	12	35	30	18	5	2020
27	12	36	0	18	5	2020
23	12	36	30	18	5	2020
20	12	37	0	18	5	2020
28	12	37	30	18	5	2020
25	12	38	0	18	5	2020
27	12	38	30	18	5	2020
25	12	39	0	18	5	2020
24	12	39	30	18	5	2020
22	12	40	0	18	5	2020
29	12	40	30	18	5	2020
18	12	41	0	18	5	2020
17	12	41	30	18	5	2020
26	12	42	0	18	5	2020
27	12	42	30	18	5	2020
19	12	43	0	18	5	2020
20	12	43	30	18	5	2020
24	12	44	0	18	5	2020
24	12	44	30	18	5	2020
18	12	45	0	18	5	2020
16	12	45	30	18	5	2020
21	12	46	0	18	5	2020
22	12	46	30	18	5	2020
29	12	47	0	18	5	2020
25	12	47	30	18	5	2020
15	12	48	0	18	5	2020
21	12	48	30	18	5	2020
21	12	49	0	18	5	2020
28	12	49	30	18	5	2020
19	12	50	0	18	5	2020
17	12	50	30	18	5	2020
16	12	51	0	18	5	2020
16	12	51	30	18	5	2020
26	12	52	0	18	5	2020
22	12	52	30	18	5	2020
15	12	53	0	18	5	2020
21	12	53	30	18	5	2020
19	12	54	0	18	5	2020
17	12	54	30	18	5	2020
22	12	55	0	18	5	2020
27	12	55	30	18	5	2020
23	12	56	0	18	5	2020
25	12	56	30	18	5	2020
21	12	57	0	18	5	2020
20	12	57	30	18	5	2020
29	12	58	0	18	5	2020
18	12	58	30	18	5	2020
25	12	59	0	18	5	2020
15	12	59	30	18	5	2020
19	13	0	0	18	5	2020
21	13	0	30	18	5	2020
16	13	1	0	18	5	2020
25	13	1	30	18	5	2020
28	13	2	0	18	5	2020
22	13	2	30	18	5	2020
28	13	3	0	18	5	2020
21	13	3	30	18	5	2020
28	13	4	0	18	5	2020
19	13	4	30	18	5	2020
26	13	5	0	18	5	2020
25	13	5	30	18	5	2020
22	13	6	0	18	5	2020
27	13	6	30	18	5	2020
26	13	7	0	18	5	2020
25	13	7	30	18	5	2020
19	13	8	0	18	5	2020
18	13	8	30	18	5	2020
16	13	9	0	18	5	2020
16	13	9	30	18	5	2020
28	13	10	0	18	5	2020
15	13	10	30	18	5	2020
28	13	11	0	18	5	2020
21	13	11	30	18	5	2020
17	13	12	0	18	5	2020
26	13	12	30	18	5	2020
18	13	13	0	18	5	2020
17	13	13	30	18	5	2020
21	13	14	0	18	5	2020
29	13	14	30	18	5	2020
17	13	15	0	18	5	2020
26	13	15	30	18	5	2020
20	13	16	0	18	5	2020
26	13	16	30	18	5	2020
21	13	17	0	18	5	2020
25	13	17	30	18	5	2020
18	13	18	0	18	5	2020
26	13	18	30	18	5	2020
23	13	19	0	18	5	2020
24	13	19	30	18	5	2020
16	13	20	0	18	5	2020
19	13	20	30	18	5	2020
19	13	21	0	18	5	2020
23	13	21	30	18	5	2020
17	13	22	0	18	5	2020
22	13	22	30	18	5	2020
25	13	23	0	18	5	2020
28	13	23	30	18	5	2020
18	13	24	0	18	5	2020
18	13	24	30	18	5	2020
29	13	25	0	18	5	2020
23	13	25	30	18	5	2020
18	13	26	0	18	5	2020
19	13	26	30	18	5	2020
21	13	27	0	18	5	2020
20	13	27	30	18	5	2020
16	13	28	0	18	5	2020
25	13	28	30	18	5	2020
22	13	29	0	18	5	2020
22	13	29	30	18	5	2020
16	13	30	0	18	5	2020
17	13	30	30	18	5	2020
25	13	31	0	18	5	2020
28	13	31	30	18	5	2020
28	13	32	0	18	5	2020
24	13	32	30	18	5	2020
15	13	33	0	18	5	2020
23	13	33	30	18	5	2020
20	13	34	0	18	5	2020
24	13	34	30	18	5	2020
17	13	35	0	18	5	2020
21	13	35	30	18	5	2020
20	13	36	0	18	5	2020
28	13	36	30	18	5	2020
21	13	37	0	18	5	2020
29	13	37	30	18	5	2020
28	13	38	0	18	5	2020
16	13	38	30	18	5	2020
28	13	39	0	18	5	2020
16	13	39	30	18	5	2020
19	13	40	0	18	5	2020
19	13	40	30	18	5	2020
16	13	41	0	18	5	2020
22	13	41	30	18	5	2020
24	13	42	0	18	5	2020
22	13	42	30	18	5	2020
20	13	43	0	18	5	2020
17	13	43	30	18	5	2020
17	13	44	0	18	5	2020
27	13	44	30	18	5	2020
16	13	45	0	18	5	2020
25	13	45	30	18	5	2020
21	13	46	0	18	5	2020
27	13	46	30	18	5	2020
23	13	47	0	18	5	2020
19	13	47	30	18	5	2020
21	13	48	0	18	5	2020
16	13	48	30	18	5	2020
20	13	49	0	18	5	2020
26	13	49	30	18	5	2020
25	13	50	0	18	5	2020
22	13	50	30	18	5	2020
18	13	51	0	18	5	2020
22	13	51	30	18	5	2020
28	13	52	0	18	5	2020
24	13	52	30	18	5	2020
22	13	53	0	18	5	2020
26	13	53	30	18	5	2020
18	13	54	0	18	5	2020
27	13	54	30	18	5	2020
19	13	55	0	18	5	2020
22	13	55	30	18	5	2020
16	13	56	0	18	5	2020
20	13	56	30	18	5	2020
22	13	57	0	18	5	2020
17	13	57	30	18	5	2020
27	13	58	0	18	5	2020
27	13	58	30	18	5	2020
19	13	59	0	18	5	2020
22	13	59	30	18	5	2020
16	14	0	0	18	5	2020
21	14	0	30	18	5	2020
17	14	1	0	18	5	2020
23	14	1	30	18	5	2020
18	14	2	0	18	5	2020
18	14	2	30	18	5	2020
19	14	3	0	18	5	2020
16	14	3	30	18	5	2020
19	14	4	0	18	5	2020
24	14	4	30	18	5	2020
27	14	5	0	18	5	2020
21	14	5	30	18	5	2020
24	14	6	0	18	5	2020
22	14	6	30	18	5	2020
28	14	7	0	18	5	2020
29	14	7	30	18	5	2020
24	14	8	0	18	5	2020
27	14	8	30	18	5	2020
25	14	9	0	18	5	2020
27	14	9	30	18	5	2020
24	14	10	0	18	5	2020
21	14	10	30	18	5	2020
26	14	11	0	18	5	2020
18	14	11	30	18	5	2020
26	14	12	0	18	5	2020
18	14	12	30	18	5	2020
20	14	13	0	18	5	2020
15	14	13	30	18	5	2020
22	14	14	0	18	5	2020
25	14	14	30	18	5	2020
22	14	15	0	18	5	2020
16	14	15	30	18	5	2020
23	14	16	0	18	5	2020
17	14	16	30	18	5	2020
24	14	17	0	18	5	2020
18	14	17	30	18	5	2020
27	14	18	0	18	5	2020
20	14	18	30	18	5	2020
19	14	19	0	18	5	2020
23	14	19	30	18	5	2020
22	14	20	0	18	5	2020
23	14	20	30	18	5	2020
29	14	21	0	18	5	2020
23	14	21	30	18	5	2020
16	14	22	0	18	5	2020
19	14	22	30	18	5	2020
22	14	23	0	18	5	2020
17	14	23	30	18	5	2020
17	14	24	0	18	5	2020
17	14	24	30	18	5	2020
29	14	25	0	18	5	2020
18	14	25	30	18	5	2020
15	14	26	0	18	5	2020
17	14	26	30	18	5	2020
28	14	27	0	18	5	2020
26	14	27	30	18	5	2020
21	14	28	0	18	5	2020
19	14	28	30	18	5	2020
18	14	29	0	18	5	2020
20	14	29	30	18	5	2020
21	14	30	0	18	5	2020
18	14	30	30	18	5	2020
21	14	31	0	18	5	2020
21	14	31	30	18	5	2020
27	14	32	0	18	5	2020
22	14	32	30	18	5	2020
24	14	33	0	18	5	2020
24	14	33	30	18	5	2020
20	14	34	0	18	5	2020
20	14	34	30	18	5	2020
17	14	35	0	18	5	2020
27	14	35	30	18	5	2020
28	14	36	0	18	5	2020
23	14	36	30	18	5	2020
20	14	37	0	18	5	2020
21	14	37	30	18	5	2020
27	14	38	0	18	5	2020
27	14	38	30	18	5	2020
23	14	39	0	18	5	2020
21	14	39	30	18	5	2020
21	14	40	0	18	5	2020
22	14	40	30	18	5	2020
17	14	41	0	18	5	2020
21	14	41	30	18	5	2020
25	14	42	0	18	5	2020
15	14	42	30	18	5	2020
24	14	43	0	18	5	2020
23	14	43	30	18	5	2020
26	14	44	0	18	5	2020
27	14	44	30	18	5	2020
20	14	45	0	18	5	2020
17	14	45	30	18	5	2020
15	14	46	0	18	5	2020
27	14	46	30	18	5	2020
15	14	47	0	18	5	2020
27	14	47	30	18	5	2020
26	14	48	0	18	5	2020
24	14	48	30	18	5	2020
28	14	49	0	18	5	2020
16	14	49	30	18	5	2020
29	14	50	0	18	5	2020
15	14	50	30	18	5	2020
20	14	51	0	18	5	2020
20	14	51	30	18	5	2020
15	14	52	0	18	5	2020
25	14	52	30	18	5	2020
26	14	53	0	18	5	2020
20	14	53	30	18	5	2020
29	14	54	0	18	5	2020
20	14	54	30	18	5	2020
18	14	55	0	18	5	2020
20	14	55	30	18	5	2020
19	14	56	0	18	5	2020
20	14	56	30	18	5	2020
18	14	57	0	18	5	2020
21	14	57	30	18	5	2020
28	14	58	0	18	5	2020
27	14	58	30	18	5	2020
21	14	59	0	18	5	2020
24	14	59	30	18	5	2020
17	15	0	0	18	5	2020
27	15	0	30	18	5	2020
19	15	1	0	18	5	2020
17	15	1	30	18	5	2020
16	15	2	0	18	5	2020
19	15	2	30	18	5	2020
22	15	3	0	18	5	2020
19	15	3	30	18	5	2020
21	15	4	0	18	5	2020
20	15	4	30	18	5	2020
21	15	5	0	18	5	2020
27	15	5	30	18	5	2020
28	15	6	0	18	5	2020
26	15	6	30	18	5	2020
17	15	7	0	18	5	2020
28	15	7	30	18	5	2020
29	15	8	0	18	5	2020
21	15	8	30	18	5	2020
25	15	9	0	18	5	2020
28	15	9	30	18	5	2020
18	15	10	0	18	5	2020
29	15	10	30	18	5	2020
26	15	11	0	18	5	2020
22	15	11	30	18	5	2020
26	15	12	0	18	5	2020
29	15	12	30	18	5	2020
21	15	13	0	18	5	2020
16	15	13	30	18	5	2020
19	15	14	0	18	5	2020
27	15	14	30	18	5	2020
26	15	15	0	18	5	2020
21	15	15	30	18	5	2020
16	15	16	0	18	5	2020
22	15	16	30	18	5	2020
23	15	17	0	18	5	2020
24	15	17	30	18	5	2020
18	15	18	0	18	5	2020
22	15	18	30	18	5	2020
29	15	19	0	18	5	2020
24	15	19	30	18	5	2020
28	15	20	0	18	5	2020
20	15	20	30	18	5	2020
29	15	21	0	18	5	2020
26	15	21	30	18	5	2020
23	15	22	0	18	5	2020
23	15	22	30	18	5	2020
16	15	23	0	18	5	2020
29	15	23	30	18	5	2020
29	15	24	0	18	5	2020
19	15	24	30	18	5	2020
28	15	25	0	18	5	2020
17	15	25	30	18	5	2020
25	15	26	0	18	5	2020
16	15	26	30	18	5	2020
17	15	27	0	18	5	2020
21	15	27	30	18	5	2020
15	15	28	0	18	5	2020
15	15	28	30	18	5	2020
23	15	29	0	18	5	2020
26	15	29	30	18	5	2020
27	15	30	0	18	5	2020
26	15	30	30	18	5	2020
17	15	31	0	18	5	2020
21	15	31	30	18	5	2020
18	15	32	0	18	5	2020
18	15	32	30	18	5	2020
15	15	33	0	18	5	2020
28	15	33	30	18	5	2020
25	15	34	0	18	5	2020
29	15	34	30	18	5	2020
23	15	35	0	18	5	2020
15	15	35	30	18	5	2020
26	15	36	0	18	5	2020
29	15	36	30	18	5	2020
18	15	37	0	18	5	2020
20	15	37	30	18	5	2020
22	15	38	0	18	5	2020
20	15	38	30	18	5	2020
19	15	39	0	18	5	2020
22	15	39	30	18	5	2020
16	15	40	0	18	5	2020
24	15	40	30	18	5	2020
16	15	41	0	18	5	2020
26	15	41	30	18	5	2020
25	15	42	0	18	5	2020
25	15	42	30	18	5	2020
17	15	43	0	18	5	2020
18	15	43	30	18	5	2020
25	15	44	0	18	5	2020
17	15	44	30	18	5	2020
21	15	45	0	18	5	2020
15	15	45	30	18	5	2020
28	15	46	0	18	5	2020
24	15	46	30	18	5	2020
21	15	47	0	18	5	2020
23	15	47	30	18	5	2020
27	15	48	0	18	5	2020
21	15	48	30	18	5	2020
29	15	49	0	18	5	2020
29	15	49	30	18	5	2020
28	15	50	0	18	5	2020
22	15	50	30	18	5	2020
15	15	51	0	18	5	2020
24	15	51	30	18	5	2020
28	15	52	0	18	5	2020
18	15	52	30	18	5	2020
21	15	53	0	18	5	2020
20	15	53	30	18	5	2020
15	15	54	0	18	5	2020
18	15	54	30	18	5	2020
27	15	55	0	18	5	2020
16	15	55	30	18	5	2020
19	15	56	0	18	5	2020
21	15	56	30	18	5	2020
27	15	57	0	18	5	2020
22	15	57	30	18	5	2020
16	15	58	0	18	5	2020
22	15	58	30	18	5	2020
17	15	59	0	18	5	2020
27	15	59	30	18	5	2020
16	16	0	0	18	5	2020
23	16	0	30	18	5	2020
27	16	1	0	18	5	2020
22	16	1	30	18	5	2020
17	16	2	0	18	5	2020
18	16	2	30	18	5	2020
15	16	3	0	18	5	2020
21	16	3	30	18	5	2020
16	16	4	0	18	5	2020
29	16	4	30	18	5	2020
28	16	5	0	18	5	2020
21	16	5	30	18	5	2020
28	16	6	0	18	5	2020
28	16	6	30	18	5	2020
23	16	7	0	18	5	2020
18	16	7	30	18	5	2020
23	16	8	0	18	5	2020
29	16	8	30	18	5	2020
24	16	9	0	18	5	2020
16	16	9	30	18	5	2020
24	16	10	0	18	5	2020
28	16	10	30	18	5	2020
17	16	11	0	18	5	2020
29	16	11	30	18	5	2020
19	16	12	0	18	5	2020
22	16	12	30	18	5	2020
28	16	13	0	18	5	2020
21	16	13	30	18	5	2020
21	16	14	0	18	5	2020
15	16	14	30	18	5	2020
25	16	15	0	18	5	2020
22	16	15	30	18	5	2020
23	16	16	0	18	5	2020
22	16	16	30	18	5	2020
29	16	17	0	18	5	2020
18	16	17	30	18	5	2020
17	16	18	0	18	5	2020
22	16	18	30	18	5	2020
16	16	19	0	18	5	2020
25	16	19	30	18	5	2020
28	16	20	0	18	5	2020
29	16	20	30	18	5	2020
24	16	21	0	18	5	2020
19	16	21	30	18	5	2020
19	16	22	0	18	5	2020
17	16	22	30	18	5	2020
22	16	23	0	18	5	2020
20	16	23	30	18	5	2020
23	16	24	0	18	5	2020
23	16	24	30	18	5	2020
21	16	25	0	18	5	2020
18	16	25	30	18	5	2020
22	16	26	0	18	5	2020
15	16	26	30	18	5	2020
24	16	27	0	18	5	2020
26	16	27	30	18	5	2020
29	16	28	0	18	5	2020
22	16	28	30	18	5	2020
24	16	29	0	18	5	2020
27	16	29	30	18	5	2020
29	16	30	0	18	5	2020
26	16	30	30	18	5	2020
20	16	31	0	18	5	2020
22	16	31	30	18	5	2020
18	16	32	0	18	5	2020
26	16	32	30	18	5	2020
17	16	33	0	18	5	2020
27	16	33	30	18	5	2020
25	16	34	0	18	5	2020
19	16	34	30	18	5	2020
15	16	35	0	18	5	2020
16	16	35	30	18	5	2020
25	16	36	0	18	5	2020
24	16	36	30	18	5	2020
20	16	37	0	18	5	2020
15	16	37	30	18	5	2020
26	16	38	0	18	5	2020
19	16	38	30	18	5	2020
27	16	39	0	18	5	2020
19	16	39	30	18	5	2020
28	16	40	0	18	5	2020
18	16	40	30	18	5	2020
29	16	41	0	18	5	2020
20	16	41	30	18	5	2020
25	16	42	0	18	5	2020
23	16	42	30	18	5	2020
23	16	43	0	18	5	2020
25	16	43	30	18	5	2020
22	16	44	0	18	5	2020
25	16	44	30	18	5	2020
22	16	45	0	18	5	2020
21	16	45	30	18	5	2020
21	16	46	0	18	5	2020
19	16	46	30	18	5	2020
21	16	47	0	18	5	2020
17	16	47	30	18	5	2020
23	16	48	0	18	5	2020
23	16	48	30	18	5	2020
29	16	49	0	18	5	2020
18	16	49	30	18	5	2020
19	16	50	0	18	5	2020
21	16	50	30	18	5	2020
19	16	51	0	18	5	2020
15	16	51	30	18	5	2020
15	16	52	0	18	5	2020
16	16	52	30	18	5	2020
22	16	53	0	18	5	2020
18	16	53	30	18	5	2020
21	16	54	0	18	5	2020
19	16	54	30	18	5	2020
23	16	55	0	18	5	2020
26	16	55	30	18	5	2020
29	16	56	0	18	5	2020
29	16	56	30	18	5	2020
23	16	57	0	18	5	2020
24	16	57	30	18	5	2020
23	16	58	0	18	5	2020
16	16	58	30	18	5	2020
26	16	59	0	18	5	2020
22	16	59	30	18	5	2020
18	17	0	0	18	5	2020
19	17	0	30	18	5	2020
29	17	1	0	18	5	2020
25	17	1	30	18	5	2020
15	17	2	0	18	5	2020
20	17	2	30	18	5	2020
19	17	3	0	18	5	2020
23	17	3	30	18	5	2020
20	17	4	0	18	5	2020
25	17	4	30	18	5	2020
19	17	5	0	18	5	2020
25	17	5	30	18	5	2020
17	17	6	0	18	5	2020
15	17	6	30	18	5	2020
25	17	7	0	18	5	2020
17	17	7	30	18	5	2020
24	17	8	0	18	5	2020
17	17	8	30	18	5	2020
28	17	9	0	18	5	2020
22	17	9	30	18	5	2020
21	17	10	0	18	5	2020
28	17	10	30	18	5	2020
18	17	11	0	18	5	2020
20	17	11	30	18	5	2020
27	17	12	0	18	5	2020
26	17	12	30	18	5	2020
21	17	13	0	18	5	2020
27	17	13	30	18	5	2020
19	17	14	0	18	5	2020
18	17	14	30	18	5	2020
20	17	15	0	18	5	2020
23	17	15	30	18	5	2020
29	17	16	0	18	5	2020
19	17	16	30	18	5	2020
25	17	17	0	18	5	2020
29	17	17	30	18	5	2020
16	17	18	0	18	5	2020
29	17	18	30	18	5	2020
15	17	19	0	18	5	2020
21	17	19	30	18	5	2020
24	17	20	0	18	5	2020
26	17	20	30	18	5	2020
16	17	21	0	18	5	2020
26	17	21	30	18	5	2020
18	17	22	0	18	5	2020
26	17	22	30	18	5	2020
21	17	23	0	18	5	2020
27	17	23	30	18	5	2020
20	17	24	0	18	5	2020
19	17	24	30	18	5	2020
19	17	25	0	18	5	2020
18	17	25	30	18	5	2020
17	17	26	0	18	5	2020
22	17	26	30	18	5	2020
23	17	27	0	18	5	2020
29	17	27	30	18	5	2020
18	17	28	0	18	5	2020
15	17	28	30	18	5	2020
27	17	29	0	18	5	2020
15	17	29	30	18	5	2020
25	17	30	0	18	5	2020
24	17	30	30	18	5	2020
23	17	31	0	18	5	2020
24	17	31	30	18	5	2020
28	17	32	0	18	5	2020
18	17	32	30	18	5	2020
23	17	33	0	18	5	2020
29	17	33	30	18	5	2020
17	17	34	0	18	5	2020
15	17	34	30	18	5	2020
27	17	35	0	18	5	2020
26	17	35	30	18	5	2020
18	17	36	0	18	5	2020
21	17	36	30	18	5	2020
15	17	37	0	18	5	2020
22	17	37	30	18	5	2020
17	17	38	0	18	5	2020
21	17	38	30	18	5	2020
19	17	39	0	18	5	2020
15	17	39	30	18	5	2020
17	17	40	0	18	5	2020
24	17	40	30	18	5	2020
18	17	41	0	18	5	2020
19	17	41	30	18	5	2020
23	17	42	0	18	5	2020
19	17	42	30	18	5	2020
25	17	43	0	18	5	2020
19	17	43	30	18	5	2020
26	17	44	0	18	5	2020
29	17	44	30	18	5	2020
19	17	45	0	18	5	2020
21	17	45	30	18	5	2020
23	17	46	0	18	5	2020
27	17	46	30	18	5	2020
15	17	47	0	18	5	2020
28	17	47	30	18	5	2020
22	17	48	0	18	5	2020
15	17	48	30	18	5	2020
19	17	49	0	18	5	2020
16	17	49	30	18	5	2020
16	17	50	0	18	5	2020
17	17	50	30	18	5	2020
27	17	51	0	18	5	2020
26	17	51	30	18	5	2020
23	17	52	0	18	5	2020
27	17	52	30	18	5	2020
18	17	53	0	18	5	2020
17	17	53	30	18	5	2020
25	17	54	0	18	5	2020
23	17	54	30	18	5	2020
24	17	55	0	18	5	2020
27	17	55	30	18	5	2020
24	17	56	0	18	5	2020
28	17	56	30	18	5	2020
23	17	57	0	18	5	2020
17	17	57	30	18	5	2020
17	17	58	0	18	5	2020
26	17	58	30	18	5	2020
21	17	59	0	18	5	2020
20	17	59	30	18	5	2020
25	18	0	0	18	5	2020
17	18	0	30	18	5	2020
26	18	1	0	18	5	2020
26	18	1	30	18	5	2020
21	18	2	0	18	5	2020
26	18	2	30	18	5	2020
16	18	3	0	18	5	2020
28	18	3	30	18	5	2020
26	18	4	0	18	5	2020
21	18	4	30	18	5	2020
29	18	5	0	18	5	2020
19	18	5	30	18	5	2020
15	18	6	0	18	5	2020
19	18	6	30	18	5	2020
16	18	7	0	18	5	2020
15	18	7	30	18	5	2020
23	18	8	0	18	5	2020
26	18	8	30	18	5	2020
24	18	9	0	18	5	2020
19	18	9	30	18	5	2020
26	18	10	0	18	5	2020
19	18	10	30	18	5	2020
23	18	11	0	18	5	2020
20	18	11	30	18	5	2020
17	18	12	0	18	5	2020
17	18	12	30	18	5	2020
15	18	13	0	18	5	2020
26	18	13	30	18	5	2020
28	18	14	0	18	5	2020
28	18	14	30	18	5	2020
16	18	15	0	18	5	2020
15	18	15	30	18	5	2020
16	18	16	0	18	5	2020
19	18	16	30	18	5	2020
18	18	17	0	18	5	2020
22	18	17	30	18	5	2020
15	18	18	0	18	5	2020
20	18	18	30	18	5	2020
21	18	19	0	18	5	2020
18	18	19	30	18	5	2020
26	18	20	0	18	5	2020
27	18	20	30	18	5	2020
15	18	21	0	18	5	2020
26	18	21	30	18	5	2020
16	18	22	0	18	5	2020
16	18	22	30	18	5	2020
18	18	23	0	18	5	2020
25	18	23	30	18	5	2020
19	18	24	0	18	5	2020
27	18	24	30	18	5	2020
21	18	25	0	18	5	2020
16	18	25	30	18	5	2020
16	18	26	0	18	5	2020
29	18	26	30	18	5	2020
28	18	27	0	18	5	2020
25	18	27	30	18	5	2020
16	18	28	0	18	5	2020
28	18	28	30	18	5	2020
28	18	29	0	18	5	2020
21	18	29	30	18	5	2020
27	18	30	0	18	5	2020
21	18	30	30	18	5	2020
29	18	31	0	18	5	2020
20	18	31	30	18	5	2020
25	18	32	0	18	5	2020
17	18	32	30	18	5	2020
27	18	33	0	18	5	2020
17	18	33	30	18	5	2020
22	18	34	0	18	5	2020
25	18	34	30	18	5	2020
21	18	35	0	18	5	2020
25	18	35	30	18	5	2020
23	18	36	0	18	5	2020
21	18	36	30	18	5	2020
28	18	37	0	18	5	2020
16	18	37	30	18	5	2020
29	18	38	0	18	5	2020
16	18	38	30	18	5	2020
26	18	39	0	18	5	2020
18	18	39	30	18	5	2020
21	18	40	0	18	5	2020
17	18	40	30	18	5	2020
19	18	41	0	18	5	2020
22	18	41	30	18	5	2020
17	18	42	0	18	5	2020
18	18	42	30	18	5	2020
25	18	43	0	18	5	2020
25	18	43	30	18	5	2020
23	18	44	0	18	5	2020
23	18	44	30	18	5	2020
24	18	45	0	18	5	2020
20	18	45	30	18	5	2020
15	18	46	0	18	5	2020
23	18	46	30	18	5	2020
17	18	47	0	18	5	2020
17	18	47	30	18	5	2020
17	18	48	0	18	5	2020
15	18	48	30	18	5	2020
20	18	49	0	18	5	2020
17	18	49	30	18	5	2020
17	18	50	0	18	5	2020
26	18	50	30	18	5	2020
19	18	51	0	18	5	2020
25	18	51	30	18	5	2020
24	18	52	0	18	5	2020
18	18	52	30	18	5	2020
27	18	53	0	18	5	2020
23	18	53	30	18	5	2020
26	18	54	0	18	5	2020
15	18	54	30	18	5	2020
26	18	55	0	18	5	2020
17	18	55	30	18	5	2020
25	18	56	0	18	5	2020
23	18	56	30	18	5	2020
17	18	57	0	18	5	2020
27	18	57	30	18	5	2020
18	18	58	0	18	5	2020
27	18	58	30	18	5	2020
29	18	59	0	18	5	2020
26	18	59	30	18	5	2020
27	19	0	0	18	5	2020
15	19	0	30	18	5	2020
24	19	1	0	18	5	2020
19	19	1	30	18	5	2020
15	19	2	0	18	5	2020
26	19	2	30	18	5	2020
22	19	3	0	18	5	2020
18	19	3	30	18	5	2020
18	19	4	0	18	5	2020
27	19	4	30	18	5	2020
27	19	5	0	18	5	2020
21	19	5	30	18	5	2020
15	19	6	0	18	5	2020
16	19	6	30	18	5	2020
23	19	7	0	18	5	2020
24	19	7	30	18	5	2020
26	19	8	0	18	5	2020
20	19	8	30	18	5	2020
17	19	9	0	18	5	2020
15	19	9	30	18	5	2020
28	19	10	0	18	5	2020
20	19	10	30	18	5	2020
24	19	11	0	18	5	2020
23	19	11	30	18	5	2020
20	19	12	0	18	5	2020
26	19	12	30	18	5	2020
27	19	13	0	18	5	2020
23	19	13	30	18	5	2020
15	19	14	0	18	5	2020
18	19	14	30	18	5	2020
27	19	15	0	18	5	2020
28	19	15	30	18	5	2020
19	19	16	0	18	5	2020
21	19	16	30	18	5	2020
17	19	17	0	18	5	2020
19	19	17	30	18	5	2020
24	19	18	0	18	5	2020
24	19	18	30	18	5	2020
29	19	19	0	18	5	2020
28	19	19	30	18	5	2020
28	19	20	0	18	5	2020
18	19	20	30	18	5	2020
19	19	21	0	18	5	2020
28	19	21	30	18	5	2020
27	19	22	0	18	5	2020
27	19	22	30	18	5	2020
29	19	23	0	18	5	2020
23	19	23	30	18	5	2020
25	19	24	0	18	5	2020
16	19	24	30	18	5	2020
15	19	25	0	18	5	2020
15	19	25	30	18	5	2020
29	19	26	0	18	5	2020
25	19	26	30	18	5	2020
23	19	27	0	18	5	2020
19	19	27	30	18	5	2020
28	19	28	0	18	5	2020
27	19	28	30	18	5	2020
28	19	29	0	18	5	2020
29	19	29	30	18	5	2020
15	19	30	0	18	5	2020
17	19	30	30	18	5	2020
19	19	31	0	18	5	2020
26	19	31	30	18	5	2020
23	19	32	0	18	5	2020
21	19	32	30	18	5	2020
23	19	33	0	18	5	2020
24	19	33	30	18	5	2020
23	19	34	0	18	5	2020
22	19	34	30	18	5	2020
22	19	35	0	18	5	2020
28	19	35	30	18	5	2020
18	19	36	0	18	5	2020
18	19	36	30	18	5	2020
19	19	37	0	18	5	2020
15	19	37	30	18	5	2020
23	19	38	0	18	5	2020
18	19	38	30	18	5	2020
23	19	39	0	18	5	2020
25	19	39	30	18	5	2020
27	19	40	0	18	5	2020
16	19	40	30	18	5	2020
25	19	41	0	18	5	2020
26	19	41	30	18	5	2020
26	19	42	0	18	5	2020
25	19	42	30	18	5	2020
22	19	43	0	18	5	2020
16	19	43	30	18	5	2020
22	19	44	0	18	5	2020
27	19	44	30	18	5	2020
22	19	45	0	18	5	2020
29	19	45	30	18	5	2020
29	19	46	0	18	5	2020
26	19	46	30	18	5	2020
26	19	47	0	18	5	2020
29	19	47	30	18	5	2020
25	19	48	0	18	5	2020
19	19	48	30	18	5	2020
24	19	49	0	18	5	2020
25	19	49	30	18	5	2020
18	19	50	0	18	5	2020
23	19	50	30	18	5	2020
23	19	51	0	18	5	2020
21	19	51	30	18	5	2020
19	19	52	0	18	5	2020
27	19	52	30	18	5	2020
21	19	53	0	18	5	2020
27	19	53	30	18	5	2020
23	19	54	0	18	5	2020
22	19	54	30	18	5	2020
29	19	55	0	18	5	2020
20	19	55	30	18	5	2020
23	19	56	0	18	5	2020
16	19	56	30	18	5	2020
23	19	57	0	18	5	2020
26	19	57	30	18	5	2020
26	19	58	0	18	5	2020
15	19	58	30	18	5	2020
19	19	59	0	18	5	2020
25	19	59	30	18	5	2020
28	20	0	0	18	5	2020
27	20	0	30	18	5	2020
24	20	1	0	18	5	2020
19	20	1	30	18	5	2020
23	20	2	0	18	5	2020
27	20	2	30	18	5	2020
19	20	3	0	18	5	2020
18	20	3	30	18	5	2020
16	20	4	0	18	5	2020
28	20	4	30	18	5	2020
28	20	5	0	18	5	2020
20	20	5	30	18	5	2020
28	20	6	0	18	5	2020
29	20	6	30	18	5	2020
18	20	7	0	18	5	2020
17	20	7	30	18	5	2020
26	20	8	0	18	5	2020
25	20	8	30	18	5	2020
21	20	9	0	18	5	2020
26	20	9	30	18	5	2020
24	20	10	0	18	5	2020
20	20	10	30	18	5	2020
16	20	11	0	18	5	2020
24	20	11	30	18	5	2020
21	20	12	0	18	5	2020
16	20	12	30	18	5	2020
27	20	13	0	18	5	2020
24	20	13	30	18	5	2020
24	20	14	0	18	5	2020
16	20	14	30	18	5	2020
26	20	15	0	18	5	2020
29	20	15	30	18	5	2020
28	20	16	0	18	5	2020
28	20	16	30	18	5	2020
18	20	17	0	18	5	2020
22	20	17	30	18	5	2020
25	20	18	0	18	5	2020
22	20	18	30	18	5	2020
17	20	19	0	18	5	2020
19	20	19	30	18	5	2020
27	20	20	0	18	5	2020
23	20	20	30	18	5	2020
16	20	21	0	18	5	2020
26	20	21	30	18	5	2020
22	20	22	0	18	5	2020
19	20	22	30	18	5	2020
28	20	23	0	18	5	2020
25	20	23	30	18	5	2020
21	20	24	0	18	5	2020
27	20	24	30	18	5	2020
22	20	25	0	18	5	2020
15	20	25	30	18	5	2020
17	20	26	0	18	5	2020
15	20	26	30	18	5	2020
16	20	27	0	18	5	2020
16	20	27	30	18	5	2020
17	20	28	0	18	5	2020
28	20	28	30	18	5	2020
25	20	29	0	18	5	2020
26	20	29	30	18	5	2020
15	20	30	0	18	5	2020
29	20	30	30	18	5	2020
25	20	31	0	18	5	2020
28	20	31	30	18	5	2020
27	20	32	0	18	5	2020
20	20	32	30	18	5	2020
20	20	33	0	18	5	2020
22	20	33	30	18	5	2020
28	20	34	0	18	5	2020
15	20	34	30	18	5	2020
26	20	35	0	18	5	2020
17	20	35	30	18	5	2020
23	20	36	0	18	5	2020
19	20	36	30	18	5	2020
20	20	37	0	18	5	2020
22	20	37	30	18	5	2020
24	20	38	0	18	5	2020
26	20	38	30	18	5	2020
17	20	39	0	18	5	2020
22	20	39	30	18	5	2020
23	20	40	0	18	5	2020
24	20	40	30	18	5	2020
23	20	41	0	18	5	2020
25	20	41	30	18	5	2020
25	20	42	0	18	5	2020
16	20	42	30	18	5	2020
26	20	43	0	18	5	2020
19	20	43	30	18	5	2020
15	20	44	0	18	5	2020
29	20	44	30	18	5	2020
15	20	45	0	18	5	2020
15	20	45	30	18	5	2020
20	20	46	0	18	5	2020
17	20	46	30	18	5	2020
28	20	47	0	18	5	2020
17	20	47	30	18	5	2020
22	20	48	0	18	5	2020
26	20	48	30	18	5	2020
16	20	49	0	18	5	2020
27	20	49	30	18	5	2020
18	20	50	0	18	5	2020
20	20	50	30	18	5	2020
15	20	51	0	18	5	2020
26	20	51	30	18	5	2020
24	20	52	0	18	5	2020
20	20	52	30	18	5	2020
18	20	53	0	18	5	2020
18	20	53	30	18	5	2020
16	20	54	0	18	5	2020
27	20	54	30	18	5	2020
26	20	55	0	18	5	2020
24	20	55	30	18	5	2020
29	20	56	0	18	5	2020
26	20	56	30	18	5	2020
27	20	57	0	18	5	2020
24	20	57	30	18	5	2020
27	20	58	0	18	5	2020
15	20	58	30	18	5	2020
20	20	59	0	18	5	2020
27	20	59	30	18	5	2020
21	21	0	0	18	5	2020
27	21	0	30	18	5	2020
19	21	1	0	18	5	2020
26	21	1	30	18	5	2020
29	21	2	0	18	5	2020
25	21	2	30	18	5	2020
28	21	3	0	18	5	2020
28	21	3	30	18	5	2020
21	21	4	0	18	5	2020
15	21	4	30	18	5	2020
26	21	5	0	18	5	2020
24	21	5	30	18	5	2020
20	21	6	0	18	5	2020
18	21	6	30	18	5	2020
27	21	7	0	18	5	2020
21	21	7	30	18	5	2020
15	21	8	0	18	5	2020
22	21	8	30	18	5	2020
17	21	9	0	18	5	2020
17	21	9	30	18	5	2020
19	21	10	0	18	5	2020
20	21	10	30	18	5	2020
18	21	11	0	18	5	2020
18	21	11	30	18	5	2020
16	21	12	0	18	5	2020
15	21	12	30	18	5	2020
19	21	13	0	18	5	2020
20	21	13	30	18	5	2020
23	21	14	0	18	5	2020
24	21	14	30	18	5	2020
25	21	15	0	18	5	2020
29	21	15	30	18	5	2020
21	21	16	0	18	5	2020
21	21	16	30	18	5	2020
18	21	17	0	18	5	2020
27	21	17	30	18	5	2020
16	21	18	0	18	5	2020
16	21	18	30	18	5	2020
18	21	19	0	18	5	2020
22	21	19	30	18	5	2020
23	21	20	0	18	5	2020
21	21	20	30	18	5	2020
23	21	21	0	18	5	2020
20	21	21	30	18	5	2020
24	21	22	0	18	5	2020
27	21	22	30	18	5	2020
27	21	23	0	18	5	2020
24	21	23	30	18	5	2020
19	21	24	0	18	5	2020
21	21	24	30	18	5	2020
18	21	25	0	18	5	2020
24	21	25	30	18	5	2020
26	21	26	0	18	5	2020
29	21	26	30	18	5	2020
19	21	27	0	18	5	2020
19	21	27	30	18	5	2020
21	21	28	0	18	5	2020
24	21	28	30	18	5	2020
24	21	29	0	18	5	2020
29	21	29	30	18	5	2020
25	21	30	0	18	5	2020
26	21	30	30	18	5	2020
21	21	31	0	18	5	2020
24	21	31	30	18	5	2020
18	21	32	0	18	5	2020
24	21	32	30	18	5	2020
28	21	33	0	18	5	2020
19	21	33	30	18	5	2020
17	21	34	0	18	5	2020
16	21	34	30	18	5	2020
19	21	35	0	18	5	2020
18	21	35	30	18	5	2020
22	21	36	0	18	5	2020
27	21	36	30	18	5	2020
23	21	37	0	18	5	2020
23	21	37	30	18	5	2020
25	21	38	0	18	5	2020
27	21	38	30	18	5	2020
25	21	39	0	18	5	2020
21	21	39	30	18	5	2020
18	21	40	0	18	5	2020
28	21	40	30	18	5	2020
22	21	41	0	18	5	2020
21	21	41	30	18	5	2020
27	21	42	0	18	5	2020
27	21	42	30	18	5	2020
25	21	43	0	18	5	2020
19	21	43	30	18	5	2020
28	21	44	0	18	5	2020
20	21	44	30	18	5	2020
25	21	45	0	18	5	2020
15	21	45	30	18	5	2020
23	21	46	0	18	5	2020
16	21	46	30	18	5	2020
24	21	47	0	18	5	2020
26	21	47	30	18	5	2020
25	21	48	0	18	5	2020
15	21	48	30	18	5	2020
23	21	49	0	18	5	2020
20	21	49	30	18	5	2020
23	21	50	0	18	5	2020
27	21	50	30	18	5	2020
23	21	51	0	18	5	2020
16	21	51	30	18	5	2020
16	21	52	0	18	5	2020
23	21	52	30	18	5	2020
16	21	53	0	18	5	2020
18	21	53	30	18	5	2020
21	21	54	0	18	5	2020
26	21	54	30	18	5	2020
25	21	55	0	18	5	2020
16	21	55	30	18	5	2020
17	21	56	0	18	5	2020
17	21	56	30	18	5	2020
23	21	57	0	18	5	2020
21	21	57	30	18	5	2020
21	21	58	0	18	5	2020
18	21	58	30	18	5	2020
17	21	59	0	18	5	2020
19	21	59	30	18	5	2020
15	22	0	0	18	5	2020
28	22	0	30	18	5	2020
20	22	1	0	18	5	2020
24	22	1	30	18	5	2020
21	22	2	0	18	5	2020
21	22	2	30	18	5	2020
27	22	3	0	18	5	2020
24	22	3	30	18	5	2020
21	22	4	0	18	5	2020
27	22	4	30	18	5	2020
29	22	5	0	18	5	2020
22	22	5	30	18	5	2020
16	22	6	0	18	5	2020
22	22	6	30	18	5	2020
15	22	7	0	18	5	2020
18	22	7	30	18	5	2020
15	22	8	0	18	5	2020
16	22	8	30	18	5	2020
28	22	9	0	18	5	2020
28	22	9	30	18	5	2020
20	22	10	0	18	5	2020
15	22	10	30	18	5	2020
22	22	11	0	18	5	2020
22	22	11	30	18	5	2020
25	22	12	0	18	5	2020
15	22	12	30	18	5	2020
20	22	13	0	18	5	2020
16	22	13	30	18	5	2020
25	22	14	0	18	5	2020
23	22	14	30	18	5	2020
28	22	15	0	18	5	2020
26	22	15	30	18	5	2020
21	22	16	0	18	5	2020
25	22	16	30	18	5	2020
27	22	17	0	18	5	2020
19	22	17	30	18	5	2020
23	22	18	0	18	5	2020
16	22	18	30	18	5	2020
28	22	19	0	18	5	2020
22	22	19	30	18	5	2020
29	22	20	0	18	5	2020
27	22	20	30	18	5	2020
29	22	21	0	18	5	2020
15	22	21	30	18	5	2020
26	22	22	0	18	5	2020
29	22	22	30	18	5	2020
25	22	23	0	18	5	2020
19	22	23	30	18	5	2020
15	22	24	0	18	5	2020
16	22	24	30	18	5	2020
24	22	25	0	18	5	2020
27	22	25	30	18	5	2020
16	22	26	0	18	5	2020
16	22	26	30	18	5	2020
19	22	27	0	18	5	2020
26	22	27	30	18	5	2020
16	22	28	0	18	5	2020
17	22	28	30	18	5	2020
20	22	29	0	18	5	2020
27	22	29	30	18	5	2020
25	22	30	0	18	5	2020
25	22	30	30	18	5	2020
15	22	31	0	18	5	2020
23	22	31	30	18	5	2020
27	22	32	0	18	5	2020
19	22	32	30	18	5	2020
27	22	33	0	18	5	2020
20	22	33	30	18	5	2020
20	22	34	0	18	5	2020
18	22	34	30	18	5	2020
19	22	35	0	18	5	2020
26	22	35	30	18	5	2020
22	22	36	0	18	5	2020
18	22	36	30	18	5	2020
27	22	37	0	18	5	2020
19	22	37	30	18	5	2020
24	22	38	0	18	5	2020
29	22	38	30	18	5	2020
15	22	39	0	18	5	2020
17	22	39	30	18	5	2020
15	22	40	0	18	5	2020
24	22	40	30	18	5	2020
29	22	41	0	18	5	2020
24	22	41	30	18	5	2020
26	22	42	0	18	5	2020
26	22	42	30	18	5	2020
27	22	43	0	18	5	2020
19	22	43	30	18	5	2020
28	22	44	0	18	5	2020
24	22	44	30	18	5	2020
23	22	45	0	18	5	2020
23	22	45	30	18	5	2020
19	22	46	0	18	5	2020
23	22	46	30	18	5	2020
16	22	47	0	18	5	2020
16	22	47	30	18	5	2020
19	22	48	0	18	5	2020
20	22	48	30	18	5	2020
29	22	49	0	18	5	2020
25	22	49	30	18	5	2020
23	22	50	0	18	5	2020
18	22	50	30	18	5	2020
28	22	51	0	18	5	2020
16	22	51	30	18	5	2020
29	22	52	0	18	5	2020
17	22	52	30	18	5	2020
27	22	53	0	18	5	2020
23	22	53	30	18	5	2020
17	22	54	0	18	5	2020
27	22	54	30	18	5	2020
25	22	55	0	18	5	2020
24	22	55	30	18	5	2020
28	22	56	0	18	5	2020
25	22	56	30	18	5	2020
18	22	57	0	18	5	2020
24	22	57	30	18	5	2020
21	22	58	0	18	5	2020
16	22	58	30	18	5	2020
21	22	59	0	18	5	2020
26	22	59	30	18	5	2020
17	23	0	0	18	5	2020
29	23	0	30	18	5	2020
19	23	1	0	18	5	2020
22	23	1	30	18	5	2020
15	23	2	0	18	5	2020
27	23	2	30	18	5	2020
15	23	3	0	18	5	2020
19	23	3	30	18	5	2020
24	23	4	0	18	5	2020
21	23	4	30	18	5	2020
21	23	5	0	18	5	2020
25	23	5	30	18	5	2020
17	23	6	0	18	5	2020
20	23	6	30	18	5	2020
26	23	7	0	18	5	2020
16	23	7	30	18	5	2020
22	23	8	0	18	5	2020
15	23	8	30	18	5	2020
24	23	9	0	18	5	2020
16	23	9	30	18	5	2020
19	23	10	0	18	5	2020
27	23	10	30	18	5	2020
26	23	11	0	18	5	2020
17	23	11	30	18	5	2020
22	23	12	0	18	5	2020
21	23	12	30	18	5	2020
19	23	13	0	18	5	2020
20	23	13	30	18	5	2020
22	23	14	0	18	5	2020
17	23	14	30	18	5	2020
23	23	15	0	18	5	2020
17	23	15	30	18	5	2020
16	23	16	0	18	5	2020
27	23	16	30	18	5	2020
24	23	17	0	18	5	2020
16	23	17	30	18	5	2020
16	23	18	0	18	5	2020
16	23	18	30	18	5	2020
28	23	19	0	18	5	2020
25	23	19	30	18	5	2020
23	23	20	0	18	5	2020
19	23	20	30	18	5	2020
20	23	21	0	18	5	2020
17	23	21	30	18	5	2020
16	23	22	0	18	5	2020
23	23	22	30	18	5	2020
18	23	23	0	18	5	2020
24	23	23	30	18	5	2020
15	23	24	0	18	5	2020
19	23	24	30	18	5	2020
17	23	25	0	18	5	2020
19	23	25	30	18	5	2020
16	23	26	0	18	5	2020
28	23	26	30	18	5	2020
29	23	27	0	18	5	2020
15	23	27	30	18	5	2020
20	23	28	0	18	5	2020
25	23	28	30	18	5	2020
27	23	29	0	18	5	2020
19	23	29	30	18	5	2020
27	23	30	0	18	5	2020
20	23	30	30	18	5	2020
21	23	31	0	18	5	2020
28	23	31	30	18	5	2020
24	23	32	0	18	5	2020
22	23	32	30	18	5	2020
22	23	33	0	18	5	2020
17	23	33	30	18	5	2020
24	23	34	0	18	5	2020
27	23	34	30	18	5	2020
20	23	35	0	18	5	2020
24	23	35	30	18	5	2020
16	23	36	0	18	5	2020
17	23	36	30	18	5	2020
26	23	37	0	18	5	2020
25	23	37	30	18	5	2020
26	23	38	0	18	5	2020
21	23	38	30	18	5	2020
26	23	39	0	18	5	2020
26	23	39	30	18	5	2020
25	23	40	0	18	5	2020
28	23	40	30	18	5	2020
23	23	41	0	18	5	2020
19	23	41	30	18	5	2020
27	23	42	0	18	5	2020
22	23	42	30	18	5	2020
26	23	43	0	18	5	2020
24	23	43	30	18	5	2020
24	23	44	0	18	5	2020
16	23	44	30	18	5	2020
28	23	45	0	18	5	2020
21	23	45	30	18	5	2020
21	23	46	0	18	5	2020
27	23	46	30	18	5	2020
26	23	47	0	18	5	2020
23	23	47	30	18	5	2020
19	23	48	0	18	5	2020
18	23	48	30	18	5	2020
25	23	49	0	18	5	2020
20	23	49	30	18	5	2020
15	23	50	0	18	5	2020
15	23	50	30	18	5	2020
21	23	51	0	18	5	2020
24	23	51	30	18	5	2020
18	23	52	0	18	5	2020
24	23	52	30	18	5	2020
26	23	53	0	18	5	2020
21	23	53	30	18	5	2020
15	23	54	0	18	5	2020
22	23	54	30	18	5	2020
24	23	55	0	18	5	2020
18	23	55	30	18	5	2020
20	23	56	0	18	5	2020
17	23	56	30	18	5	2020
22	23	57	0	18	5	2020
24	23	57	30	18	5	2020
16	23	58	0	18	5	2020
18	23	58	30	18	5	2020
18	23	59	0	18	5	2020
25	23	59	30	18	5	2020
